1598219213,s1,0.00,0.00,0.00,0,0,0.00,0.00,0.00,0,0,0.00,0.00,0,0
1598219213,eth0,0.00,0.00,0.00,0,0,0.00,0.00,0.00,0,0,0.00,0.00,0,0
1598219213,eth1,0.00,0.00,0.00,0,0,0.00,0.00,0.00,0,0,0.00,0.00,0,0
1598219213,s2,0.00,0.00,0.00,0,0,0.00,0.00,0.00,0,0,0.00,0.00,0,0
1598219213,s1-eth2,0.00,0.00,0.00,0,0,0.00,0.00,0.00,0,0,0.00,0.00,0,0
1598219213,s1-eth1,0.00,0.00,0.00,0,0,0.00,0.00,0.00,0,0,0.00,0.00,0,0
1598219213,s3,0.00,0.00,0.00,0,0,0.00,0.00,0.00,0,0,0.00,0.00,0,0
1598219213,s2-eth2,0.00,0.00,0.00,0,0,0.00,0.00,0.00,0,0,0.00,0.00,0,0
1598219213,s2-eth1,0.00,0.00,0.00,0,0,0.00,0.00,0.00,0,0,0.00,0.00,0,0
1598219213,lo,0.00,0.00,0.00,0,0,0.00,0.00,0.00,0,0,0.00,0.00,0,0
1598219213,s3-eth2,0.00,0.00,0.00,0,0,0.00,0.00,0.00,0,0,0.00,0.00,0,0
1598219213,s3-eth1,0.00,0.00,0.00,0,0,0.00,0.00,0.00,0,0,0.00,0.00,0,0
1598219213,total,0.00,0.00,0.00,0,0,0.00,0.00,0.00,0,0,0.00,0.00,0,0
1598219214,s1,250.00,3175.00,3425.00,3175,250,3.00,19.00,22.00,19,3,0.00,0.00,0,0
1598219214,eth0,608.00,2756.00,3364.00,2756,608,8.00,8.00,16.00,8,8,0.00,0.00,0,0
1598219214,eth1,0.00,0.00,0.00,0,0,0.00,0.00,0.00,0,0,0.00,0.00,0,0
1598219214,s2,90.00,4148.00,4238.00,4148,90,1.00,27.00,28.00,27,1,0.00,0.00,0,0
1598219214,s1-eth2,152783.00,6163551.00,6316334.00,6163551,152783,2050.00,4087.00,6137.00,4087,2050,0.00,0.00,0,0
1598219214,s1-eth1,6164857.00,150680.00,6315537.00,150680,6164857,4095.00,2036.00,6131.00,2036,4095,0.00,0.00,0,0
1598219214,s3,250.00,3533.00,3783.00,3533,250,3.00,21.00,24.00,21,3,0.00,0.00,0,0
1598219214,s2-eth2,154107.00,6162495.00,6316602.00,6162495,154107,2056.00,4082.00,6138.00,4082,2056,0.00,0.00,0,0
1598219214,s2-eth1,6163551.00,152783.00,6316334.00,152783,6163551,4087.00,2050.00,6137.00,2050,4087,0.00,0.00,0,0
1598219214,lo,24198.00,24198.00,48396.00,24198,24198,217.00,217.00,434.00,217,217,0.00,0.00,0,0
1598219214,s3-eth2,156139.00,6165098.00,6321237.00,6165098,156139,2066.00,4073.00,6139.00,4073,2066,0.00,0.00,0,0
1598219214,s3-eth1,6162495.00,154107.00,6316602.00,154107,6162495,4082.00,2056.00,6138.00,2056,4082,0.00,0.00,0,0
1598219214,total,18979328.00,18986524.00,37965852.00,18986524,18979328,18668.00,18676.00,37344.00,18676,18668,0.00,0.00,0,0
1598219215,s1,0.00,1722.00,1722.00,1722,0,0.00,7.00,7.00,7,0,0.00,0.00,0,0
1598219215,eth0,152.00,689.00,841.00,689,152,2.00,2.00,4.00,2,2,0.00,0.00,0,0
1598219215,eth1,0.00,0.00,0.00,0,0,0.00,0.00,0.00,0,0,0.00,0.00,0,0
1598219215,s2,0.00,1674.00,1674.00,1674,0,0.00,8.00,8.00,8,0,0.00,0.00,0,0
1598219215,s1-eth2,152173.00,6207608.00,6359781.00,6207608,152173,2051.00,4106.00,6157.00,4106,2051,0.00,0.00,0,0
1598219215,s1-eth1,6208277.00,151626.00,6359903.00,151626,6208277,4108.00,2049.00,6157.00,2049,4108,0.00,0.00,0,0
1598219215,s3,0.00,1477.00,1477.00,1477,0,0.00,6.00,6.00,6,0,0.00,0.00,0,0
1598219215,s2-eth2,153029.00,6206939.00,6359968.00,6206939,153029,2054.00,4104.00,6158.00,4104,2054,0.00,0.00,0,0
1598219215,s2-eth1,6207608.00,152173.00,6359781.00,152173,6207608,4106.00,2051.00,6157.00,2051,4106,0.00,0.00,0,0
1598219215,lo,7419.00,7419.00,14838.00,7419,7419,66.00,66.00,132.00,66,66,0.00,0.00,0,0
1598219215,s3-eth2,153959.00,6208914.00,6362873.00,6208914,153959,2058.00,4101.00,6159.00,4101,2058,0.00,0.00,0,0
1598219215,s3-eth1,6206939.00,153029.00,6359968.00,153029,6206939,4104.00,2054.00,6158.00,2054,4104,0.00,0.00,0,0
1598219215,total,19089556.00,19093270.00,38182824.00,19093270,19089556,18549.00,18554.00,37103.00,18554,18549,0.00,0.00,0,0
1598219216,s1,0.00,701.00,701.00,701,0,0.00,3.00,3.00,3,0,0.00,0.00,0,0
1598219216,eth0,0.00,0.00,0.00,0,0,0.00,0.00,0.00,0,0,0.00,0.00,0,0
1598219216,eth1,0.00,0.00,0.00,0,0,0.00,0.00,0.00,0,0,0.00,0.00,0,0
1598219216,s2,0.00,996.00,996.00,996,0,0.00,3.00,3.00,3,0,0.00,0.00,0,0
1598219216,s1-eth2,152147.00,6199017.00,6351164.00,6199017,152147,2049.00,4097.00,6146.00,4097,2049,0.00,0.00,0,0
1598219216,s1-eth1,6199391.00,151478.00,6350869.00,151478,6199391,4099.00,2047.00,6146.00,2047,4099,0.00,0.00,0,0
1598219216,s3,0.00,776.00,776.00,776,0,0.00,3.00,3.00,3,0,0.00,0.00,0,0
1598219216,s2-eth2,152328.00,6200157.00,6352485.00,6200157,152328,2051.00,4096.00,6147.00,4096,2051,0.00,0.00,0,0
1598219216,s2-eth1,6199017.00,152147.00,6351164.00,152147,6199017,4097.00,2049.00,6146.00,2049,4097,0.00,0.00,0,0
1598219216,lo,2840.00,2840.00,5680.00,2840,2840,26.00,26.00,52.00,26,26,0.00,0.00,0,0
1598219216,s3-eth2,152361.00,6199830.00,6352191.00,6199830,152361,2051.00,4095.00,6146.00,4095,2051,0.00,0.00,0,0
1598219216,s3-eth1,6200157.00,152328.00,6352485.00,152328,6200157,4096.00,2051.00,6147.00,2051,4096,0.00,0.00,0,0
1598219216,total,19058240.00,19060270.00,38118512.00,19060270,19058241,18469.00,18470.00,36939.00,18470,18469,0.00,0.00,0,0
1598219217,s1,0.00,981.00,981.00,981,0,0.00,7.00,7.00,7,0,0.00,0.00,0,0
1598219217,eth0,60.00,60.00,120.00,60,60,1.00,1.00,2.00,1,1,0.00,0.00,0,0
1598219217,eth1,0.00,0.00,0.00,0,0,0.00,0.00,0.00,0,0,0.00,0.00,0,0
1598219217,s2,70.00,888.00,958.00,888,70,1.00,6.00,7.00,6,1,0.00,0.00,0,0
1598219217,s1-eth2,152144.00,6203769.00,6355913.00,6203769,152144,2053.00,4103.00,6156.00,4103,2053,0.00,0.00,0,0
1598219217,s1-eth1,6204166.00,151770.00,6355936.00,151770,6204166,4105.00,2051.00,6156.00,2051,4105,0.00,0.00,0,0
1598219217,s3,0.00,1248.00,1248.00,1248,0,0.00,8.00,8.00,8,0,0.00,0.00,0,0
1598219217,s2-eth2,152804.00,6201788.00,6354592.00,6201788,152804,2056.00,4099.00,6155.00,4099,2056,0.00,0.00,0,0
1598219217,s2-eth1,6203769.00,152144.00,6355913.00,152144,6203769,4103.00,2053.00,6156.00,2053,4103,0.00,0.00,0,0
1598219217,lo,6450.00,6450.00,12900.00,6450,6450,66.00,66.00,132.00,66,66,0.00,0.00,0,0
1598219217,s3-eth2,153468.00,6202928.00,6356396.00,6202928,153468,2059.00,4098.00,6157.00,4098,2059,0.00,0.00,0,0
1598219217,s3-eth1,6201788.00,152804.00,6354592.00,152804,6201788,4099.00,2056.00,6155.00,2056,4099,0.00,0.00,0,0
1598219217,total,19074720.00,19074830.00,38149548.00,19074830,19074719,18543.00,18548.00,37091.00,18548,18543,0.00,0.00,0,0
1598219218,s1,70.00,467.00,537.00,467,70,1.00,3.00,4.00,3,1,0.00,0.00,0,0
1598219218,eth0,0.00,0.00,0.00,0,0,0.00,0.00,0.00,0,0,0.00,0.00,0,0
1598219218,eth1,0.00,0.00,0.00,0,0,0.00,0.00,0.00,0,0,0.00,0.00,0,0
1598219218,s2,0.00,934.00,934.00,934,0,0.00,6.00,6.00,6,0,0.00,0.00,0,0
1598219218,s1-eth2,152389.00,6219979.00,6372368.00,6219979,152389,2056.00,4111.00,6167.00,4111,2056,0.00,0.00,0,0
1598219218,s1-eth1,6220049.00,151848.00,6371897.00,151848,6220049,4112.00,2052.00,6164.00,2052,4112,0.00,0.00,0,0
1598219218,s3,70.00,467.00,537.00,467,70,1.00,3.00,4.00,3,1,0.00,0.00,0,0
1598219218,s2-eth2,152389.00,6219979.00,6372368.00,6219979,152389,2056.00,4111.00,6167.00,4111,2056,0.00,0.00,0,0
1598219218,s2-eth1,6219979.00,152389.00,6372368.00,152389,6219979,4111.00,2056.00,6167.00,2056,4111,0.00,0.00,0,0
1598219218,lo,3932.00,3932.00,7864.00,3932,3932,41.00,41.00,82.00,41,41,0.00,0.00,0,0
1598219218,s3-eth2,152459.00,6217998.00,6370457.00,6217998,152459,2057.00,4107.00,6164.00,4107,2057,0.00,0.00,0,0
1598219218,s3-eth1,6219979.00,152389.00,6372368.00,152389,6219979,4111.00,2056.00,6167.00,2056,4111,0.00,0.00,0,0
1598219218,total,19121316.00,19120382.00,38241696.00,19120382,19121316,18546.00,18546.00,37092.00,18546,18546,0.00,0.00,0,0
1598219219,s1,0.00,342.00,342.00,342,0,0.00,1.00,1.00,1,0,0.00,0.00,0,0
1598219219,eth0,0.00,0.00,0.00,0,0,0.00,0.00,0.00,0,0,0.00,0.00,0,0
1598219219,eth1,0.00,0.00,0.00,0,0,0.00,0.00,0.00,0,0,0.00,0.00,0,0
1598219219,s2,0.00,0.00,0.00,0,0,0.00,0.00,0.00,0,0,0.00,0.00,0,0
1598219219,s1-eth2,151996.00,6222882.00,6374878.00,6222882,151996,2054.00,4111.00,6165.00,4111,2054,0.00,0.00,0,0
1598219219,s1-eth1,6222882.00,152070.00,6374952.00,152070,6222882,4111.00,2055.00,6166.00,2055,4111,0.00,0.00,0,0
1598219219,s3,0.00,0.00,0.00,0,0,0.00,0.00,0.00,0,0,0.00,0.00,0,0
1598219219,s2-eth2,152070.00,6222540.00,6374610.00,6222540,152070,2055.00,4110.00,6165.00,4110,2055,0.00,0.00,0,0
1598219219,s2-eth1,6222882.00,151996.00,6374878.00,151996,6222882,4111.00,2054.00,6165.00,2054,4111,0.00,0.00,0,0
1598219219,lo,326.00,326.00,652.00,326,326,3.00,3.00,6.00,3,3,0.00,0.00,0,0
1598219219,s3-eth2,152070.00,6222540.00,6374610.00,6222540,152070,2055.00,4110.00,6165.00,4110,2055,0.00,0.00,0,0
1598219219,s3-eth1,6222540.00,152070.00,6374610.00,152070,6222540,4110.00,2055.00,6165.00,2055,4110,0.00,0.00,0,0
1598219219,total,19124766.00,19124766.00,38249532.00,19124766,19124766,18499.00,18499.00,36998.00,18499,18499,0.00,0.00,0,0
1598219220,s1,0.00,106.89,106.89,107,0,0.00,1.00,1.00,1,0,0.00,0.00,0,0
1598219220,eth0,0.00,0.00,0.00,0,0,0.00,0.00,0.00,0,0,0.00,0.00,0,0
1598219220,eth1,0.00,245.75,245.75,246,0,0.00,1.00,1.00,1,0,0.00,0.00,0,0
1598219220,s2,0.00,341.66,341.66,342,0,0.00,1.00,1.00,1,0,0.00,0.00,0,0
1598219220,s1-eth2,151298.70,6172568.50,6323867.50,6178741,151450,2040.96,4077.92,6118.88,4082,2043,0.00,0.00,0,0
1598219220,s1-eth1,6171163.00,150883.12,6322046.00,151034,6177334,4077.92,2038.96,6116.88,2041,4082,0.00,0.00,0,0
1598219220,s3,0.00,448.55,448.55,449,0,0.00,2.00,2.00,2,0,0.00,0.00,0,0
1598219220,s2-eth2,151331.67,6172461.50,6323793.50,6178634,151483,2040.96,4076.92,6117.88,4081,2043,0.00,0.00,0,0
1598219220,s2-eth1,6172568.50,151298.70,6323867.50,151450,6178741,4077.92,2040.96,6118.88,2043,4082,0.00,0.00,0,0
1598219220,lo,1260.74,1260.74,2521.48,1262,1262,11.99,11.99,23.98,12,12,0.00,0.00,0,0
1598219220,s3-eth2,151438.56,6166412.00,6317850.50,6172578,151590,2041.96,4072.93,6114.89,4077,2044,0.00,0.00,0,0
1598219220,s3-eth1,6172461.50,151331.67,6323793.50,151483,6178634,4076.92,2040.96,6117.88,2043,4081,0.00,0.00,0,0
1598219220,total,18971522.00,18967360.00,37938884.00,18986326,18990494,18368.63,18365.63,36734.27,18384,18387,0.00,0.00,0,0
1598219221,s1,0.00,387.00,387.00,387,0,0.00,5.00,5.00,5,0,0.00,0.00,0,0
1598219221,eth0,0.00,0.00,0.00,0,0,0.00,0.00,0.00,0,0,0.00,0.00,0,0
1598219221,eth1,0.00,0.00,0.00,0,0,0.00,0.00,0.00,0,0,0.00,0.00,0,0
1598219221,s2,70.00,354.00,424.00,354,70,1.00,4.00,5.00,4,1,0.00,0.00,0,0
1598219221,s1-eth2,151877.00,6212259.00,6364136.00,6212259,151877,2052.00,4107.00,6159.00,4107,2052,0.00,0.00,0,0
1598219221,s1-eth1,6213843.00,151844.00,6365687.00,151844,6213843,4109.00,2052.00,6161.00,2052,4109,0.00,0.00,0,0
1598219221,s3,0.00,729.00,729.00,729,0,0.00,6.00,6.00,6,0,0.00,0.00,0,0
1598219221,s2-eth2,152433.00,6212119.00,6364552.00,6212119,152433,2056.00,4105.00,6161.00,4105,2056,0.00,0.00,0,0
1598219221,s2-eth1,6212259.00,151877.00,6364136.00,151877,6212259,4107.00,2052.00,6159.00,2052,4107,0.00,0.00,0,0
1598219221,lo,4390.00,4390.00,8780.00,4390,4390,46.00,46.00,92.00,46,46,0.00,0.00,0,0
1598219221,s3-eth2,152503.00,6215040.00,6367543.00,6215040,152503,2057.00,4106.00,6163.00,4106,2057,0.00,0.00,0,0
1598219221,s3-eth1,6212119.00,152433.00,6364552.00,152433,6212119,4105.00,2056.00,6161.00,2056,4105,0.00,0.00,0,0
1598219221,total,19099494.00,19101432.00,38200928.00,19101432,19099494,18533.00,18539.00,37072.00,18539,18533,0.00,0.00,0,0
1598219222,s1,70.00,482.00,552.00,482,70,1.00,3.00,4.00,3,1,0.00,0.00,0,0
1598219222,eth0,0.00,0.00,0.00,0,0,0.00,0.00,0.00,0,0,0.00,0.00,0,0
1598219222,eth1,0.00,0.00,0.00,0,0,0.00,0.00,0.00,0,0,0.00,0.00,0,0
1598219222,s2,0.00,622.00,622.00,622,0,0.00,5.00,5.00,5,0,0.00,0.00,0,0
1598219222,s1-eth2,151692.00,6203340.00,6355032.00,6203340,151692,2050.00,4100.00,6150.00,4100,2050,0.00,0.00,0,0
1598219222,s1-eth1,6202238.00,151552.00,6353790.00,151552,6202238,4101.00,2048.00,6149.00,2048,4101,0.00,0.00,0,0
1598219222,s3,70.00,140.00,210.00,140,70,1.00,2.00,3.00,2,1,0.00,0.00,0,0
1598219222,s2-eth2,151692.00,6203340.00,6355032.00,6203340,151692,2050.00,4100.00,6150.00,4100,2050,0.00,0.00,0,0
1598219222,s2-eth1,6203340.00,151692.00,6355032.00,151692,6203340,4100.00,2050.00,6150.00,2050,4100,0.00,0.00,0,0
1598219222,lo,3280.00,3280.00,6560.00,3280,3280,35.00,35.00,70.00,35,35,0.00,0.00,0,0
1598219222,s3-eth2,152104.00,6201344.00,6353448.00,6201344,152104,2052.00,4096.00,6148.00,4096,2052,0.00,0.00,0,0
1598219222,s3-eth1,6203340.00,151692.00,6355032.00,151692,6203340,4100.00,2050.00,6150.00,2050,4100,0.00,0.00,0,0
1598219222,total,19067826.00,19067484.00,38135312.00,19067484,19067826,18490.00,18489.00,36979.00,18489,18490,0.00,0.00,0,0
1598219223,s1,0.00,0.00,0.00,0,0,0.00,0.00,0.00,0,0,0.00,0.00,0,0
1598219223,eth0,0.00,0.00,0.00,0,0,0.00,0.00,0.00,0,0,0.00,0.00,0,0
1598219223,eth1,0.00,0.00,0.00,0,0,0.00,0.00,0.00,0,0,0.00,0.00,0,0
1598219223,s2,0.00,0.00,0.00,0,0,0.00,0.00,0.00,0,0,0.00,0.00,0,0
1598219223,s1-eth2,152292.00,6231624.00,6383916.00,6231624,152292,2058.00,4116.00,6174.00,4116,2058,0.00,0.00,0,0
1598219223,s1-eth1,6231624.00,152292.00,6383916.00,152292,6231624,4116.00,2058.00,6174.00,2058,4116,0.00,0.00,0,0
1598219223,s3,0.00,0.00,0.00,0,0,0.00,0.00,0.00,0,0,0.00,0.00,0,0
1598219223,s2-eth2,152292.00,6231624.00,6383916.00,6231624,152292,2058.00,4116.00,6174.00,4116,2058,0.00,0.00,0,0
1598219223,s2-eth1,6231624.00,152292.00,6383916.00,152292,6231624,4116.00,2058.00,6174.00,2058,4116,0.00,0.00,0,0
1598219223,lo,0.00,0.00,0.00,0,0,0.00,0.00,0.00,0,0,0.00,0.00,0,0
1598219223,s3-eth2,152292.00,6231624.00,6383916.00,6231624,152292,2058.00,4116.00,6174.00,4116,2058,0.00,0.00,0,0
1598219223,s3-eth1,6231624.00,152292.00,6383916.00,152292,6231624,4116.00,2058.00,6174.00,2058,4116,0.00,0.00,0,0
1598219223,total,19151748.00,19151748.00,38303496.00,19151748,19151748,18522.00,18522.00,37044.00,18522,18522,0.00,0.00,0,0
1598219224,s1,0.00,0.00,0.00,0,0,0.00,0.00,0.00,0,0,0.00,0.00,0,0
1598219224,eth0,0.00,0.00,0.00,0,0,0.00,0.00,0.00,0,0,0.00,0.00,0,0
1598219224,eth1,0.00,0.00,0.00,0,0,0.00,0.00,0.00,0,0,0.00,0.00,0,0
1598219224,s2,0.00,0.00,0.00,0,0,0.00,0.00,0.00,0,0,0.00,0.00,0,0
1598219224,s1-eth2,151996.00,6219512.00,6371508.00,6219512,151996,2054.00,4108.00,6162.00,4108,2054,0.00,0.00,0,0
1598219224,s1-eth1,6219512.00,151996.00,6371508.00,151996,6219512,4108.00,2054.00,6162.00,2054,4108,0.00,0.00,0,0
1598219224,s3,0.00,0.00,0.00,0,0,0.00,0.00,0.00,0,0,0.00,0.00,0,0
1598219224,s2-eth2,151996.00,6219512.00,6371508.00,6219512,151996,2054.00,4108.00,6162.00,4108,2054,0.00,0.00,0,0
1598219224,s2-eth1,6219512.00,151996.00,6371508.00,151996,6219512,4108.00,2054.00,6162.00,2054,4108,0.00,0.00,0,0
1598219224,lo,0.00,0.00,0.00,0,0,0.00,0.00,0.00,0,0,0.00,0.00,0,0
1598219224,s3-eth2,151996.00,6221026.00,6373022.00,6221026,151996,2054.00,4109.00,6163.00,4109,2054,0.00,0.00,0,0
1598219224,s3-eth1,6219512.00,151996.00,6371508.00,151996,6219512,4108.00,2054.00,6162.00,2054,4108,0.00,0.00,0,0
1598219224,total,19114524.00,19116038.00,38230560.00,19116038,19114524,18486.00,18487.00,36973.00,18487,18486,0.00,0.00,0,0
1598219225,s1,0.00,0.00,0.00,0,0,0.00,0.00,0.00,0,0,0.00,0.00,0,0
1598219225,eth0,0.00,0.00,0.00,0,0,0.00,0.00,0.00,0,0,0.00,0.00,0,0
1598219225,eth1,0.00,0.00,0.00,0,0,0.00,0.00,0.00,0,0,0.00,0.00,0,0
1598219225,s2,0.00,0.00,0.00,0,0,0.00,0.00,0.00,0,0,0.00,0.00,0,0
1598219225,s1-eth2,152292.00,6230110.00,6382402.00,6230110,152292,2058.00,4115.00,6173.00,4115,2058,0.00,0.00,0,0
1598219225,s1-eth1,6230110.00,152218.00,6382328.00,152218,6230110,4115.00,2057.00,6172.00,2057,4115,0.00,0.00,0,0
1598219225,s3,0.00,0.00,0.00,0,0,0.00,0.00,0.00,0,0,0.00,0.00,0,0
1598219225,s2-eth2,152218.00,6230110.00,6382328.00,6230110,152218,2057.00,4115.00,6172.00,4115,2057,0.00,0.00,0,0
1598219225,s2-eth1,6230110.00,152292.00,6382402.00,152292,6230110,4115.00,2058.00,6173.00,2058,4115,0.00,0.00,0,0
1598219225,lo,0.00,0.00,0.00,0,0,0.00,0.00,0.00,0,0,0.00,0.00,0,0
1598219225,s3-eth2,152218.00,6230110.00,6382328.00,6230110,152218,2057.00,4115.00,6172.00,4115,2057,0.00,0.00,0,0
1598219225,s3-eth1,6230110.00,152218.00,6382328.00,152218,6230110,4115.00,2057.00,6172.00,2057,4115,0.00,0.00,0,0
1598219225,total,19147058.00,19147058.00,38294116.00,19147058,19147058,18517.00,18517.00,37034.00,18517,18517,0.00,0.00,0,0
1598219226,s1,0.00,0.00,0.00,0,0,0.00,0.00,0.00,0,0,0.00,0.00,0,0
1598219226,eth0,0.00,0.00,0.00,0,0,0.00,0.00,0.00,0,0,0.00,0.00,0,0
1598219226,eth1,0.00,0.00,0.00,0,0,0.00,0.00,0.00,0,0,0.00,0.00,0,0
1598219226,s2,0.00,0.00,0.00,0,0,0.00,0.00,0.00,0,0,0.00,0.00,0,0
1598219226,s1-eth2,151330.00,6195288.00,6346618.00,6195288,151330,2045.00,4092.00,6137.00,4092,2045,0.00,0.00,0,0
1598219226,s1-eth1,6193774.00,151404.00,6345178.00,151404,6193774,4091.00,2046.00,6137.00,2046,4091,0.00,0.00,0,0
1598219226,s3,0.00,0.00,0.00,0,0,0.00,0.00,0.00,0,0,0.00,0.00,0,0
1598219226,s2-eth2,151478.00,6195288.00,6346766.00,6195288,151478,2047.00,4092.00,6139.00,4092,2047,0.00,0.00,0,0
1598219226,s2-eth1,6195288.00,151330.00,6346618.00,151330,6195288,4092.00,2045.00,6137.00,2045,4092,0.00,0.00,0,0
1598219226,lo,0.00,0.00,0.00,0,0,0.00,0.00,0.00,0,0,0.00,0.00,0,0
1598219226,s3-eth2,151552.00,6195288.00,6346840.00,6195288,151552,2048.00,4092.00,6140.00,4092,2048,0.00,0.00,0,0
1598219226,s3-eth1,6195288.00,151478.00,6346766.00,151478,6195288,4092.00,2047.00,6139.00,2047,4092,0.00,0.00,0,0
1598219226,total,19038710.00,19040076.00,38078784.00,19040076,19038710,18415.00,18414.00,36829.00,18414,18415,0.00,0.00,0,0
1598219227,s1,0.00,0.00,0.00,0,0,0.00,0.00,0.00,0,0,0.00,0.00,0,0
1598219227,eth0,0.00,0.00,0.00,0,0,0.00,0.00,0.00,0,0,0.00,0.00,0,0
1598219227,eth1,0.00,0.00,0.00,0,0,0.00,0.00,0.00,0,0,0.00,0.00,0,0
1598219227,s2,0.00,342.00,342.00,342,0,0.00,1.00,1.00,1,0,0.00,0.00,0,0
1598219227,s1-eth2,150636.00,6146840.00,6297476.00,6146840,150636,2032.00,4060.00,6092.00,4060,2032,0.00,0.00,0,0
1598219227,s1-eth1,6148354.00,150220.00,6298574.00,150220,6148354,4061.00,2030.00,6091.00,2030,4061,0.00,0.00,0,0
1598219227,s3,0.00,342.00,342.00,342,0,0.00,1.00,1.00,1,0,0.00,0.00,0,0
1598219227,s2-eth2,150488.00,6145326.00,6295814.00,6145326,150488,2030.00,4059.00,6089.00,4059,2030,0.00,0.00,0,0
1598219227,s2-eth1,6146840.00,150636.00,6297476.00,150636,6146840,4060.00,2032.00,6092.00,2032,4060,0.00,0.00,0,0
1598219227,lo,824.00,824.00,1648.00,824,824,9.00,9.00,18.00,9,9,0.00,0.00,0,0
1598219227,s3-eth2,150414.00,6142298.00,6292712.00,6142298,150414,2029.00,4057.00,6086.00,4057,2029,0.00,0.00,0,0
1598219227,s3-eth1,6145326.00,150488.00,6295814.00,150488,6145326,4059.00,2030.00,6089.00,2030,4059,0.00,0.00,0,0
1598219227,total,18892882.00,18887316.00,37780200.00,18887316,18892882,18280.00,18279.00,36559.00,18279,18280,0.00,0.00,0,0
1598219228,s1,0.00,449.00,449.00,449,0,0.00,2.00,2.00,2,0,0.00,0.00,0,0
1598219228,eth0,0.00,0.00,0.00,0,0,0.00,0.00,0.00,0,0,0.00,0.00,0,0
1598219228,eth1,0.00,0.00,0.00,0,0,0.00,0.00,0.00,0,0,0.00,0.00,0,0
1598219228,s2,0.00,0.00,0.00,0,0,0.00,0.00,0.00,0,0,0.00,0.00,0,0
1598219228,s1-eth2,151330.00,6192709.00,6344039.00,6192709,151330,2045.00,4092.00,6137.00,4092,2045,0.00,0.00,0,0
1598219228,s1-eth1,6191302.00,151330.00,6342632.00,151330,6191302,4092.00,2045.00,6137.00,2045,4092,0.00,0.00,0,0
1598219228,s3,0.00,107.00,107.00,107,0,0.00,1.00,1.00,1,0,0.00,0.00,0,0
1598219228,s2-eth2,151437.00,6193774.00,6345211.00,6193774,151437,2046.00,4091.00,6137.00,4091,2046,0.00,0.00,0,0
1598219228,s2-eth1,6192709.00,151330.00,6344039.00,151330,6192709,4092.00,2045.00,6137.00,2045,4092,0.00,0.00,0,0
1598219228,lo,936.00,936.00,1872.00,936,936,9.00,9.00,18.00,9,9,0.00,0.00,0,0
1598219228,s3-eth2,151544.00,6193774.00,6345318.00,6193774,151544,2047.00,4091.00,6138.00,4091,2047,0.00,0.00,0,0
1598219228,s3-eth1,6193774.00,151437.00,6345211.00,151437,6193774,4091.00,2046.00,6137.00,2046,4091,0.00,0.00,0,0
1598219228,total,19033032.00,19035846.00,38068880.00,19035846,19033032,18422.00,18422.00,36844.00,18422,18422,0.00,0.00,0,0
1598219229,s1,0.00,449.00,449.00,449,0,0.00,2.00,2.00,2,0,0.00,0.00,0,0
1598219229,eth0,0.00,0.00,0.00,0,0,0.00,0.00,0.00,0,0,0.00,0.00,0,0
1598219229,eth1,0.00,0.00,0.00,0,0,0.00,0.00,0.00,0,0,0.00,0.00,0,0
1598219229,s2,0.00,556.00,556.00,556,0,0.00,3.00,3.00,3,0,0.00,0.00,0,0
1598219229,s1-eth2,152103.00,6219961.00,6372064.00,6219961,152103,2055.00,4110.00,6165.00,4110,2055,0.00,0.00,0,0
1598219229,s1-eth1,6221475.00,152070.00,6373545.00,152070,6221475,4111.00,2055.00,6166.00,2055,4111,0.00,0.00,0,0
1598219229,s3,0.00,107.00,107.00,107,0,0.00,1.00,1.00,1,0,0.00,0.00,0,0
1598219229,s2-eth2,152103.00,6219961.00,6372064.00,6219961,152103,2055.00,4110.00,6165.00,4110,2055,0.00,0.00,0,0
1598219229,s2-eth1,6221475.00,152103.00,6373578.00,152103,6221475,4111.00,2055.00,6166.00,2055,4111,0.00,0.00,0,0
1598219229,lo,1872.00,1872.00,3744.00,1872,1872,18.00,18.00,36.00,18,18,0.00,0.00,0,0
1598219229,s3-eth2,152177.00,6221026.00,6373203.00,6221026,152177,2056.00,4109.00,6165.00,4109,2056,0.00,0.00,0,0
1598219229,s3-eth1,6219961.00,152103.00,6372064.00,152103,6219961,4110.00,2055.00,6165.00,2055,4110,0.00,0.00,0,0
1598219229,total,19121166.00,19120208.00,38241376.00,19120208,19121166,18516.00,18518.00,37034.00,18518,18516,0.00,0.00,0,0
1598219230,s1,0.00,0.00,0.00,0,0,0.00,0.00,0.00,0,0,0.00,0.00,0,0
1598219230,eth0,0.00,0.00,0.00,0,0,0.00,0.00,0.00,0,0,0.00,0.00,0,0
1598219230,eth1,0.00,0.00,0.00,0,0,0.00,0.00,0.00,0,0,0.00,0.00,0,0
1598219230,s2,0.00,0.00,0.00,0,0,0.00,0.00,0.00,0,0,0.00,0.00,0,0
1598219230,s1-eth2,152144.00,6224054.00,6376198.00,6224054,152144,2056.00,4111.00,6167.00,4111,2056,0.00,0.00,0,0
1598219230,s1-eth1,6224054.00,152070.00,6376124.00,152070,6224054,4111.00,2055.00,6166.00,2055,4111,0.00,0.00,0,0
1598219230,s3,0.00,0.00,0.00,0,0,0.00,0.00,0.00,0,0,0.00,0.00,0,0
1598219230,s2-eth2,152144.00,6222540.00,6374684.00,6222540,152144,2056.00,4110.00,6166.00,4110,2056,0.00,0.00,0,0
1598219230,s2-eth1,6222540.00,152144.00,6374684.00,152144,6222540,4110.00,2056.00,6166.00,2056,4110,0.00,0.00,0,0
1598219230,lo,0.00,0.00,0.00,0,0,0.00,0.00,0.00,0,0,0.00,0.00,0,0
1598219230,s3-eth2,152070.00,6222540.00,6374610.00,6222540,152070,2055.00,4110.00,6165.00,4110,2055,0.00,0.00,0,0
1598219230,s3-eth1,6222540.00,152144.00,6374684.00,152144,6222540,4110.00,2056.00,6166.00,2056,4110,0.00,0.00,0,0
1598219230,total,19125492.00,19125492.00,38250984.00,19125492,19125492,18498.00,18498.00,36996.00,18498,18498,0.00,0.00,0,0
1598219231,s1,0.00,0.00,0.00,0,0,0.00,0.00,0.00,0,0,0.00,0.00,0,0
1598219231,eth0,0.00,0.00,0.00,0,0,0.00,0.00,0.00,0,0,0.00,0.00,0,0
1598219231,eth1,0.00,0.00,0.00,0,0,0.00,0.00,0.00,0,0,0.00,0.00,0,0
1598219231,s2,0.00,0.00,0.00,0,0,0.00,0.00,0.00,0,0,0.00,0.00,0,0
1598219231,s1-eth2,152070.00,6222540.00,6374610.00,6222540,152070,2055.00,4110.00,6165.00,4110,2055,0.00,0.00,0,0
1598219231,s1-eth1,6224054.00,152070.00,6376124.00,152070,6224054,4111.00,2055.00,6166.00,2055,4111,0.00,0.00,0,0
1598219231,s3,0.00,342.00,342.00,342,0,0.00,1.00,1.00,1,0,0.00,0.00,0,0
1598219231,s2-eth2,152486.00,6222540.00,6375026.00,6222540,152486,2057.00,4110.00,6167.00,4110,2057,0.00,0.00,0,0
1598219231,s2-eth1,6222540.00,152070.00,6374610.00,152070,6222540,4110.00,2055.00,6165.00,2055,4110,0.00,0.00,0,0
1598219231,lo,326.00,326.00,652.00,326,326,3.00,3.00,6.00,3,3,0.00,0.00,0,0
1598219231,s3-eth2,152486.00,6222540.00,6375026.00,6222540,152486,2057.00,4110.00,6167.00,4110,2057,0.00,0.00,0,0
1598219231,s3-eth1,6222540.00,152486.00,6375026.00,152486,6222540,4110.00,2057.00,6167.00,2057,4110,0.00,0.00,0,0
1598219231,total,19126502.00,19124914.00,38251416.00,19124914,19126502,18503.00,18501.00,37004.00,18501,18503,0.00,0.00,0,0
1598219232,s1,0.00,0.00,0.00,0,0,0.00,0.00,0.00,0,0,0.00,0.00,0,0
1598219232,eth0,0.00,0.00,0.00,0,0,0.00,0.00,0.00,0,0,0.00,0.00,0,0
1598219232,eth1,0.00,0.00,0.00,0,0,0.00,0.00,0.00,0,0,0.00,0.00,0,0
1598219232,s2,0.00,0.00,0.00,0,0,0.00,0.00,0.00,0,0,0.00,0.00,0,0
1598219232,s1-eth2,152070.00,6224054.00,6376124.00,6224054,152070,2055.00,4111.00,6166.00,4111,2055,0.00,0.00,0,0
1598219232,s1-eth1,6224054.00,152144.00,6376198.00,152144,6224054,4111.00,2056.00,6167.00,2056,4111,0.00,0.00,0,0
1598219232,s3,0.00,0.00,0.00,0,0,0.00,0.00,0.00,0,0,0.00,0.00,0,0
1598219232,s2-eth2,152070.00,6225568.00,6377638.00,6225568,152070,2055.00,4112.00,6167.00,4112,2055,0.00,0.00,0,0
1598219232,s2-eth1,6225568.00,152144.00,6377712.00,152144,6225568,4112.00,2056.00,6168.00,2056,4112,0.00,0.00,0,0
1598219232,lo,0.00,0.00,0.00,0,0,0.00,0.00,0.00,0,0,0.00,0.00,0,0
1598219232,s3-eth2,152144.00,6222540.00,6374684.00,6222540,152144,2056.00,4110.00,6166.00,4110,2056,0.00,0.00,0,0
1598219232,s3-eth1,6225568.00,152070.00,6377638.00,152070,6225568,4112.00,2055.00,6167.00,2055,4112,0.00,0.00,0,0
1598219232,total,19131474.00,19128520.00,38259992.00,19128520,19131474,18501.00,18500.00,37001.00,18500,18501,0.00,0.00,0,0
1598219233,s1,0.00,0.00,0.00,0,0,0.00,0.00,0.00,0,0,0.00,0.00,0,0
1598219233,eth0,0.00,0.00,0.00,0,0,0.00,0.00,0.00,0,0,0.00,0.00,0,0
1598219233,eth1,0.00,0.00,0.00,0,0,0.00,0.00,0.00,0,0,0.00,0.00,0,0
1598219233,s2,0.00,0.00,0.00,0,0,0.00,0.00,0.00,0,0,0.00,0.00,0,0
1598219233,s1-eth2,151996.00,6219512.00,6371508.00,6219512,151996,2054.00,4108.00,6162.00,4108,2054,0.00,0.00,0,0
1598219233,s1-eth1,6219512.00,151996.00,6371508.00,151996,6219512,4108.00,2054.00,6162.00,2054,4108,0.00,0.00,0,0
1598219233,s3,0.00,0.00,0.00,0,0,0.00,0.00,0.00,0,0,0.00,0.00,0,0
1598219233,s2-eth2,151996.00,6217998.00,6369994.00,6217998,151996,2054.00,4107.00,6161.00,4107,2054,0.00,0.00,0,0
1598219233,s2-eth1,6217998.00,151996.00,6369994.00,151996,6217998,4107.00,2054.00,6161.00,2054,4107,0.00,0.00,0,0
1598219233,lo,0.00,0.00,0.00,0,0,0.00,0.00,0.00,0,0,0.00,0.00,0,0
1598219233,s3-eth2,151922.00,6217998.00,6369920.00,6217998,151922,2053.00,4107.00,6160.00,4107,2053,0.00,0.00,0,0
1598219233,s3-eth1,6217998.00,151996.00,6369994.00,151996,6217998,4107.00,2054.00,6161.00,2054,4107,0.00,0.00,0,0
1598219233,total,19111422.00,19111496.00,38222920.00,19111496,19111422,18483.00,18484.00,36967.00,18484,18483,0.00,0.00,0,0
1598219234,s1,0.00,0.00,0.00,0,0,0.00,0.00,0.00,0,0,0.00,0.00,0,0
1598219234,eth0,0.00,0.00,0.00,0,0,0.00,0.00,0.00,0,0,0.00,0.00,0,0
1598219234,eth1,0.00,0.00,0.00,0,0,0.00,0.00,0.00,0,0,0.00,0.00,0,0
1598219234,s2,0.00,0.00,0.00,0,0,0.00,0.00,0.00,0,0,0.00,0.00,0,0
1598219234,s1-eth2,147186.00,6022692.00,6169878.00,6022692,147186,1989.00,3978.00,5967.00,3978,1989,0.00,0.00,0,0
1598219234,s1-eth1,6022692.00,147186.00,6169878.00,147186,6022692,3978.00,1989.00,5967.00,1989,3978,0.00,0.00,0,0
1598219234,s3,0.00,0.00,0.00,0,0,0.00,0.00,0.00,0,0,0.00,0.00,0,0
1598219234,s2-eth2,147186.00,6022692.00,6169878.00,6022692,147186,1989.00,3978.00,5967.00,3978,1989,0.00,0.00,0,0
1598219234,s2-eth1,6022692.00,147112.00,6169804.00,147112,6022692,3978.00,1988.00,5966.00,1988,3978,0.00,0.00,0,0
1598219234,lo,344.00,344.00,688.00,344,344,6.00,6.00,12.00,6,6,0.00,0.00,0,0
1598219234,s3-eth2,147186.00,6024206.00,6171392.00,6024206,147186,1989.00,3979.00,5968.00,3979,1989,0.00,0.00,0,0
1598219234,s3-eth1,6022692.00,147186.00,6169878.00,147186,6022692,3978.00,1989.00,5967.00,1989,3978,0.00,0.00,0,0
1598219234,total,18509978.00,18511418.00,37021396.00,18511418,18509978,17907.00,17907.00,35814.00,17907,17907,0.00,0.00,0,0
1598219235,s1,0.00,0.00,0.00,0,0,0.00,0.00,0.00,0,0,0.00,0.00,0,0
1598219235,eth0,0.00,0.00,0.00,0,0,0.00,0.00,0.00,0,0,0.00,0.00,0,0
1598219235,eth1,0.00,0.00,0.00,0,0,0.00,0.00,0.00,0,0,0.00,0.00,0,0
1598219235,s2,0.00,0.00,0.00,0,0,0.00,0.00,0.00,0,0,0.00,0.00,0,0
1598219235,s1-eth2,150513.48,6155824.50,6306338.00,6161980,150664,2033.97,4065.93,6099.90,4070,2036,0.00,0.00,0,0
1598219235,s1-eth1,6156166.00,150439.56,6306605.50,150590,6162322,4066.93,2032.97,6099.90,2035,4071,0.00,0.00,0,0
1598219235,s3,0.00,0.00,0.00,0,0,0.00,0.00,0.00,0,0,0.00,0.00,0,0
1598219235,s2-eth2,150439.56,6157337.00,6307776.50,6163494,150590,2032.97,4066.93,6099.90,4071,2035,0.00,0.00,0,0
1598219235,s2-eth1,6155824.50,150513.48,6306338.00,150664,6161980,4065.93,2033.97,6099.90,2036,4070,0.00,0.00,0,0
1598219235,lo,0.00,0.00,0.00,0,0,0.00,0.00,0.00,0,0,0.00,0.00,0,0
1598219235,s3-eth2,152111.89,6155824.50,6307936.00,6161980,152264,2051.95,4065.93,6117.88,4070,2054,0.00,0.00,0,0
1598219235,s3-eth1,6157337.00,150439.56,6307776.50,150590,6163494,4066.93,2032.97,6099.90,2035,4071,0.00,0.00,0,0
1598219235,total,18922392.00,18920378.00,37842772.00,18939298,18941314,18318.68,18298.70,36617.38,18317,18337,0.00,0.00,0,0
1598219236,s1,0.00,0.00,0.00,0,0,0.00,0.00,0.00,0,0,0.00,0.00,0,0
1598219236,eth0,0.00,0.00,0.00,0,0,0.00,0.00,0.00,0,0,0.00,0.00,0,0
1598219236,eth1,0.00,0.00,0.00,0,0,0.00,0.00,0.00,0,0,0.00,0.00,0,0
1598219236,s2,0.00,0.00,0.00,0,0,0.00,0.00,0.00,0,0,0.00,0.00,0,0
1598219236,s1-eth2,150146.00,6145326.00,6295472.00,6145326,150146,2029.00,4059.00,6088.00,4059,2029,0.00,0.00,0,0
1598219236,s1-eth1,6143812.00,150146.00,6293958.00,150146,6143812,4058.00,2029.00,6087.00,2029,4058,0.00,0.00,0,0
1598219236,s3,0.00,0.00,0.00,0,0,0.00,0.00,0.00,0,0,0.00,0.00,0,0
1598219236,s2-eth2,150146.00,6143812.00,6293958.00,6143812,150146,2029.00,4058.00,6087.00,4058,2029,0.00,0.00,0,0
1598219236,s2-eth1,6145326.00,150146.00,6295472.00,150146,6145326,4059.00,2029.00,6088.00,2029,4059,0.00,0.00,0,0
1598219236,lo,172.00,172.00,344.00,172,172,3.00,3.00,6.00,3,3,0.00,0.00,0,0
1598219236,s3-eth2,148814.00,6143812.00,6292626.00,6143812,148814,2011.00,4058.00,6069.00,4058,2011,0.00,0.00,0,0
1598219236,s3-eth1,6143812.00,150146.00,6293958.00,150146,6143812,4058.00,2029.00,6087.00,2029,4058,0.00,0.00,0,0
1598219236,total,18882228.00,18883560.00,37765788.00,18883560,18882228,18247.00,18265.00,36512.00,18265,18247,0.00,0.00,0,0
1598219237,s1,0.00,0.00,0.00,0,0,0.00,0.00,0.00,0,0,0.00,0.00,0,0
1598219237,eth0,0.00,0.00,0.00,0,0,0.00,0.00,0.00,0,0,0.00,0.00,0,0
1598219237,eth1,0.00,0.00,0.00,0,0,0.00,0.00,0.00,0,0,0.00,0.00,0,0
1598219237,s2,0.00,0.00,0.00,0,0,0.00,0.00,0.00,0,0,0.00,0.00,0,0
1598219237,s1-eth2,152144.00,6227082.00,6379226.00,6227082,152144,2056.00,4113.00,6169.00,4113,2056,0.00,0.00,0,0
1598219237,s1-eth1,6227082.00,152144.00,6379226.00,152144,6227082,4113.00,2056.00,6169.00,2056,4113,0.00,0.00,0,0
1598219237,s3,0.00,0.00,0.00,0,0,0.00,0.00,0.00,0,0,0.00,0.00,0,0
1598219237,s2-eth2,152144.00,6227082.00,6379226.00,6227082,152144,2056.00,4113.00,6169.00,4113,2056,0.00,0.00,0,0
1598219237,s2-eth1,6227082.00,152144.00,6379226.00,152144,6227082,4113.00,2056.00,6169.00,2056,4113,0.00,0.00,0,0
1598219237,lo,0.00,0.00,0.00,0,0,0.00,0.00,0.00,0,0,0.00,0.00,0,0
1598219237,s3-eth2,152144.00,6227082.00,6379226.00,6227082,152144,2056.00,4113.00,6169.00,4113,2056,0.00,0.00,0,0
1598219237,s3-eth1,6227082.00,152144.00,6379226.00,152144,6227082,4113.00,2056.00,6169.00,2056,4113,0.00,0.00,0,0
1598219237,total,19137678.00,19137678.00,38275356.00,19137678,19137678,18507.00,18507.00,37014.00,18507,18507,0.00,0.00,0,0
1598219238,s1,0.00,0.00,0.00,0,0,0.00,0.00,0.00,0,0,0.00,0.00,0,0
1598219238,eth0,0.00,0.00,0.00,0,0,0.00,0.00,0.00,0,0,0.00,0.00,0,0
1598219238,eth1,0.00,0.00,0.00,0,0,0.00,0.00,0.00,0,0,0.00,0.00,0,0
1598219238,s2,0.00,0.00,0.00,0,0,0.00,0.00,0.00,0,0,0.00,0.00,0,0
1598219238,s1-eth2,152218.00,6228596.00,6380814.00,6228596,152218,2057.00,4114.00,6171.00,4114,2057,0.00,0.00,0,0
1598219238,s1-eth1,6230110.00,152292.00,6382402.00,152292,6230110,4115.00,2058.00,6173.00,2058,4115,0.00,0.00,0,0
1598219238,s3,0.00,0.00,0.00,0,0,0.00,0.00,0.00,0,0,0.00,0.00,0,0
1598219238,s2-eth2,152292.00,6230110.00,6382402.00,6230110,152292,2058.00,4115.00,6173.00,4115,2058,0.00,0.00,0,0
1598219238,s2-eth1,6230110.00,152218.00,6382328.00,152218,6230110,4115.00,2057.00,6172.00,2057,4115,0.00,0.00,0,0
1598219238,lo,0.00,0.00,0.00,0,0,0.00,0.00,0.00,0,0,0.00,0.00,0,0
1598219238,s3-eth2,152292.00,6230110.00,6382402.00,6230110,152292,2058.00,4115.00,6173.00,4115,2058,0.00,0.00,0,0
1598219238,s3-eth1,6230110.00,152292.00,6382402.00,152292,6230110,4115.00,2058.00,6173.00,2058,4115,0.00,0.00,0,0
1598219238,total,19147132.00,19145618.00,38292752.00,19145618,19147132,18518.00,18517.00,37035.00,18517,18518,0.00,0.00,0,0
1598219239,s1,0.00,0.00,0.00,0,0,0.00,0.00,0.00,0,0,0.00,0.00,0,0
1598219239,eth0,0.00,0.00,0.00,0,0,0.00,0.00,0.00,0,0,0.00,0.00,0,0
1598219239,eth1,0.00,0.00,0.00,0,0,0.00,0.00,0.00,0,0,0.00,0.00,0,0
1598219239,s2,0.00,0.00,0.00,0,0,0.00,0.00,0.00,0,0,0.00,0.00,0,0
1598219239,s1-eth2,144078.00,5892488.00,6036566.00,5892488,144078,1947.00,3892.00,5839.00,3892,1947,0.00,0.00,0,0
1598219239,s1-eth1,5894002.00,144078.00,6038080.00,144078,5894002,3893.00,1947.00,5840.00,1947,3893,0.00,0.00,0,0
1598219239,s3,0.00,0.00,0.00,0,0,0.00,0.00,0.00,0,0,0.00,0.00,0,0
1598219239,s2-eth2,145336.00,5890974.00,6036310.00,5890974,145336,1964.00,3891.00,5855.00,3891,1964,0.00,0.00,0,0
1598219239,s2-eth1,5890974.00,144078.00,6035052.00,144078,5890974,3891.00,1947.00,5838.00,1947,3891,0.00,0.00,0,0
1598219239,lo,344.00,344.00,688.00,344,344,6.00,6.00,12.00,6,6,0.00,0.00,0,0
1598219239,s3-eth2,146816.00,5889460.00,6036276.00,5889460,146816,1984.00,3890.00,5874.00,3890,1984,0.00,0.00,0,0
1598219239,s3-eth1,5890974.00,145336.00,6036310.00,145336,5890974,3891.00,1964.00,5855.00,1964,3891,0.00,0.00,0,0
1598219239,total,18112524.00,18106758.00,36219280.00,18106758,18112524,17576.00,17537.00,35113.00,17537,17576,0.00,0.00,0,0
1598219240,s1,0.00,0.00,0.00,0,0,0.00,0.00,0.00,0,0,0.00,0.00,0,0
1598219240,eth0,0.00,0.00,0.00,0,0,0.00,0.00,0.00,0,0,0.00,0.00,0,0
1598219240,eth1,0.00,0.00,0.00,0,0,0.00,0.00,0.00,0,0,0.00,0.00,0,0
1598219240,s2,0.00,0.00,0.00,0,0,0.00,0.00,0.00,0,0,0.00,0.00,0,0
1598219240,s1-eth2,142524.00,5828900.00,5971424.00,5828900,142524,1926.00,3850.00,5776.00,3850,1926,0.00,0.00,0,0
1598219240,s1-eth1,5827386.00,142524.00,5969910.00,142524,5827386,3849.00,1926.00,5775.00,1926,3849,0.00,0.00,0,0
1598219240,s3,0.00,0.00,0.00,0,0,0.00,0.00,0.00,0,0,0.00,0.00,0,0
1598219240,s2-eth2,141192.00,5827386.00,5968578.00,5827386,141192,1908.00,3849.00,5757.00,3849,1908,0.00,0.00,0,0
1598219240,s2-eth1,5828900.00,142524.00,5971424.00,142524,5828900,3850.00,1926.00,5776.00,1926,3850,0.00,0.00,0,0
1598219240,lo,0.00,0.00,0.00,0,0,0.00,0.00,0.00,0,0,0.00,0.00,0,0
1598219240,s3-eth2,139786.00,5828900.00,5968686.00,5828900,139786,1889.00,3850.00,5739.00,3850,1889,0.00,0.00,0,0
1598219240,s3-eth1,5827386.00,141192.00,5968578.00,141192,5827386,3849.00,1908.00,5757.00,1908,3849,0.00,0.00,0,0
1598219240,total,17907174.00,17911426.00,35818600.00,17911426,17907174,17271.00,17309.00,34580.00,17309,17271,0.00,0.00,0,0
1598219241,s1,0.00,342.00,342.00,342,0,0.00,1.00,1.00,1,0,0.00,0.00,0,0
1598219241,eth0,0.00,0.00,0.00,0,0,0.00,0.00,0.00,0,0,0.00,0.00,0,0
1598219241,eth1,0.00,0.00,0.00,0,0,0.00,0.00,0.00,0,0,0.00,0.00,0,0
1598219241,s2,0.00,0.00,0.00,0,0,0.00,0.00,0.00,0,0,0.00,0.00,0,0
1598219241,s1-eth2,151848.00,6216826.00,6368674.00,6216826,151848,2052.00,4107.00,6159.00,4107,2052,0.00,0.00,0,0
1598219241,s1-eth1,6218340.00,151848.00,6370188.00,151848,6218340,4108.00,2052.00,6160.00,2052,4108,0.00,0.00,0,0
1598219241,s3,0.00,0.00,0.00,0,0,0.00,0.00,0.00,0,0,0.00,0.00,0,0
1598219241,s2-eth2,151922.00,6217998.00,6369920.00,6217998,151922,2053.00,4107.00,6160.00,4107,2053,0.00,0.00,0,0
1598219241,s2-eth1,6216826.00,151848.00,6368674.00,151848,6216826,4107.00,2052.00,6159.00,2052,4107,0.00,0.00,0,0
1598219241,lo,498.00,498.00,996.00,498,498,6.00,6.00,12.00,6,6,0.00,0.00,0,0
1598219241,s3-eth2,151848.00,6217998.00,6369846.00,6217998,151848,2052.00,4107.00,6159.00,4107,2052,0.00,0.00,0,0
1598219241,s3-eth1,6217998.00,151922.00,6369920.00,151922,6217998,4107.00,2053.00,6160.00,2053,4107,0.00,0.00,0,0
1598219241,total,19109280.00,19109280.00,38218560.00,19109280,19109280,18485.00,18485.00,36970.00,18485,18485,0.00,0.00,0,0
1598219242,s1,0.00,0.00,0.00,0,0,0.00,0.00,0.00,0,0,0.00,0.00,0,0
1598219242,eth0,0.00,0.00,0.00,0,0,0.00,0.00,0.00,0,0,0.00,0.00,0,0
1598219242,eth1,0.00,0.00,0.00,0,0,0.00,0.00,0.00,0,0,0.00,0.00,0,0
1598219242,s2,0.00,0.00,0.00,0,0,0.00,0.00,0.00,0,0,0.00,0.00,0,0
1598219242,s1-eth2,151996.00,6219512.00,6371508.00,6219512,151996,2054.00,4108.00,6162.00,4108,2054,0.00,0.00,0,0
1598219242,s1-eth1,6217998.00,151996.00,6369994.00,151996,6217998,4107.00,2054.00,6161.00,2054,4107,0.00,0.00,0,0
1598219242,s3,0.00,0.00,0.00,0,0,0.00,0.00,0.00,0,0,0.00,0.00,0,0
1598219242,s2-eth2,151922.00,6219512.00,6371434.00,6219512,151922,2053.00,4108.00,6161.00,4108,2053,0.00,0.00,0,0
1598219242,s2-eth1,6219512.00,151996.00,6371508.00,151996,6219512,4108.00,2054.00,6162.00,2054,4108,0.00,0.00,0,0
1598219242,lo,0.00,0.00,0.00,0,0,0.00,0.00,0.00,0,0,0.00,0.00,0,0
1598219242,s3-eth2,151996.00,6219512.00,6371508.00,6219512,151996,2054.00,4108.00,6162.00,4108,2054,0.00,0.00,0,0
1598219242,s3-eth1,6219512.00,151922.00,6371434.00,151922,6219512,4108.00,2053.00,6161.00,2053,4108,0.00,0.00,0,0
1598219242,total,19112936.00,19114450.00,38227384.00,19114450,19112936,18484.00,18485.00,36969.00,18485,18484,0.00,0.00,0,0
1598219243,s1,0.00,0.00,0.00,0,0,0.00,0.00,0.00,0,0,0.00,0.00,0,0
1598219243,eth0,0.00,0.00,0.00,0,0,0.00,0.00,0.00,0,0,0.00,0.00,0,0
1598219243,eth1,0.00,0.00,0.00,0,0,0.00,0.00,0.00,0,0,0.00,0.00,0,0
1598219243,s2,0.00,0.00,0.00,0,0,0.00,0.00,0.00,0,0,0.00,0.00,0,0
1598219243,s1-eth2,151478.00,6199830.00,6351308.00,6199830,151478,2047.00,4095.00,6142.00,4095,2047,0.00,0.00,0,0
1598219243,s1-eth1,6199830.00,151478.00,6351308.00,151478,6199830,4095.00,2047.00,6142.00,2047,4095,0.00,0.00,0,0
1598219243,s3,0.00,0.00,0.00,0,0,0.00,0.00,0.00,0,0,0.00,0.00,0,0
1598219243,s2-eth2,151552.00,6201344.00,6352896.00,6201344,151552,2048.00,4096.00,6144.00,4096,2048,0.00,0.00,0,0
1598219243,s2-eth1,6201344.00,151552.00,6352896.00,151552,6201344,4096.00,2048.00,6144.00,2048,4096,0.00,0.00,0,0
1598219243,lo,0.00,0.00,0.00,0,0,0.00,0.00,0.00,0,0,0.00,0.00,0,0
1598219243,s3-eth2,151478.00,6201344.00,6352822.00,6201344,151478,2047.00,4096.00,6143.00,4096,2047,0.00,0.00,0,0
1598219243,s3-eth1,6201344.00,151552.00,6352896.00,151552,6201344,4096.00,2048.00,6144.00,2048,4096,0.00,0.00,0,0
1598219243,total,19057026.00,19057100.00,38114128.00,19057100,19057026,18429.00,18430.00,36859.00,18430,18429,0.00,0.00,0,0
1598219244,s1,0.00,107.00,107.00,107,0,0.00,1.00,1.00,1,0,0.00,0.00,0,0
1598219244,eth0,0.00,0.00,0.00,0,0,0.00,0.00,0.00,0,0,0.00,0.00,0,0
1598219244,eth1,0.00,0.00,0.00,0,0,0.00,0.00,0.00,0,0,0.00,0.00,0,0
1598219244,s2,0.00,0.00,0.00,0,0,0.00,0.00,0.00,0,0,0.00,0.00,0,0
1598219244,s1-eth2,151552.00,6201451.00,6353003.00,6201451,151552,2048.00,4097.00,6145.00,4097,2048,0.00,0.00,0,0
1598219244,s1-eth1,6201558.00,151552.00,6353110.00,151552,6201558,4098.00,2048.00,6146.00,2048,4098,0.00,0.00,0,0
1598219244,s3,0.00,449.00,449.00,449,0,0.00,2.00,2.00,2,0,0.00,0.00,0,0
1598219244,s2-eth2,152001.00,6201344.00,6353345.00,6201344,152001,2050.00,4096.00,6146.00,4096,2050,0.00,0.00,0,0
1598219244,s2-eth1,6199937.00,151478.00,6351415.00,151478,6199937,4096.00,2047.00,6143.00,2047,4096,0.00,0.00,0,0
1598219244,lo,1108.00,1108.00,2216.00,1108,1108,12.00,12.00,24.00,12,12,0.00,0.00,0,0
1598219244,s3-eth2,152108.00,6201344.00,6353452.00,6201344,152108,2051.00,4096.00,6147.00,4096,2051,0.00,0.00,0,0
1598219244,s3-eth1,6201344.00,152001.00,6353345.00,152001,6201344,4096.00,2050.00,6146.00,2050,4096,0.00,0.00,0,0
1598219244,total,19059608.00,19060834.00,38120440.00,19060834,19059608,18451.00,18449.00,36900.00,18449,18451,0.00,0.00,0,0
1598219245,s1,0.00,107.00,107.00,107,0,0.00,1.00,1.00,1,0,0.00,0.00,0,0
1598219245,eth0,0.00,0.00,0.00,0,0,0.00,0.00,0.00,0,0,0.00,0.00,0,0
1598219245,eth1,0.00,0.00,0.00,0,0,0.00,0.00,0.00,0,0,0.00,0.00,0,0
1598219245,s2,0.00,214.00,214.00,214,0,0.00,2.00,2.00,2,0,0.00,0.00,0,0
1598219245,s1-eth2,152251.00,6225675.00,6377926.00,6225675,152251,2057.00,4113.00,6170.00,4113,2057,0.00,0.00,0,0
1598219245,s1-eth1,6225675.00,152144.00,6377819.00,152144,6225675,4113.00,2056.00,6169.00,2056,4113,0.00,0.00,0,0
1598219245,s3,0.00,107.00,107.00,107,0,0.00,1.00,1.00,1,0,0.00,0.00,0,0
1598219245,s2-eth2,152251.00,6224161.00,6376412.00,6224161,152251,2057.00,4112.00,6169.00,4112,2057,0.00,0.00,0,0
1598219245,s2-eth1,6225675.00,152251.00,6377926.00,152251,6225675,4113.00,2057.00,6170.00,2057,4113,0.00,0.00,0,0
1598219245,lo,1220.00,1220.00,2440.00,1220,1220,12.00,12.00,24.00,12,12,0.00,0.00,0,0
1598219245,s3-eth2,152251.00,6224054.00,6376305.00,6224054,152251,2057.00,4111.00,6168.00,4111,2057,0.00,0.00,0,0
1598219245,s3-eth1,6224161.00,152251.00,6376412.00,152251,6224161,4112.00,2057.00,6169.00,2057,4112,0.00,0.00,0,0
1598219245,total,19133484.00,19132184.00,38265668.00,19132184,19133484,18521.00,18522.00,37043.00,18522,18521,0.00,0.00,0,0
1598219246,s1,0.00,0.00,0.00,0,0,0.00,0.00,0.00,0,0,0.00,0.00,0,0
1598219246,eth0,0.00,0.00,0.00,0,0,0.00,0.00,0.00,0,0,0.00,0.00,0,0
1598219246,eth1,0.00,0.00,0.00,0,0,0.00,0.00,0.00,0,0,0.00,0.00,0,0
1598219246,s2,0.00,342.00,342.00,342,0,0.00,1.00,1.00,1,0,0.00,0.00,0,0
1598219246,s1-eth2,152486.00,6225568.00,6378054.00,6225568,152486,2057.00,4112.00,6169.00,4112,2057,0.00,0.00,0,0
1598219246,s1-eth1,6225568.00,152144.00,6377712.00,152144,6225568,4112.00,2056.00,6168.00,2056,4112,0.00,0.00,0,0
1598219246,s3,0.00,342.00,342.00,342,0,0.00,1.00,1.00,1,0,0.00,0.00,0,0
1598219246,s2-eth2,152412.00,6225568.00,6377980.00,6225568,152412,2056.00,4112.00,6168.00,4112,2056,0.00,0.00,0,0
1598219246,s2-eth1,6225568.00,152486.00,6378054.00,152486,6225568,4112.00,2057.00,6169.00,2057,4112,0.00,0.00,0,0
1598219246,lo,652.00,652.00,1304.00,652,652,6.00,6.00,12.00,6,6,0.00,0.00,0,0
1598219246,s3-eth2,152828.00,6225568.00,6378396.00,6225568,152828,2058.00,4112.00,6170.00,4112,2058,0.00,0.00,0,0
1598219246,s3-eth1,6225568.00,152412.00,6377980.00,152412,6225568,4112.00,2056.00,6168.00,2056,4112,0.00,0.00,0,0
1598219246,total,19135082.00,19135082.00,38270164.00,19135082,19135082,18513.00,18513.00,37026.00,18513,18513,0.00,0.00,0,0
1598219247,s1,0.00,0.00,0.00,0,0,0.00,0.00,0.00,0,0,0.00,0.00,0,0
1598219247,eth0,0.00,0.00,0.00,0,0,0.00,0.00,0.00,0,0,0.00,0.00,0,0
1598219247,eth1,0.00,0.00,0.00,0,0,0.00,0.00,0.00,0,0,0.00,0.00,0,0
1598219247,s2,0.00,0.00,0.00,0,0,0.00,0.00,0.00,0,0,0.00,0.00,0,0
1598219247,s1-eth2,152218.00,6227082.00,6379300.00,6227082,152218,2057.00,4113.00,6170.00,4113,2057,0.00,0.00,0,0
1598219247,s1-eth1,6227082.00,152218.00,6379300.00,152218,6227082,4113.00,2057.00,6170.00,2057,4113,0.00,0.00,0,0
1598219247,s3,0.00,0.00,0.00,0,0,0.00,0.00,0.00,0,0,0.00,0.00,0,0
1598219247,s2-eth2,152218.00,6227082.00,6379300.00,6227082,152218,2057.00,4113.00,6170.00,4113,2057,0.00,0.00,0,0
1598219247,s2-eth1,6227082.00,152218.00,6379300.00,152218,6227082,4113.00,2057.00,6170.00,2057,4113,0.00,0.00,0,0
1598219247,lo,0.00,0.00,0.00,0,0,0.00,0.00,0.00,0,0,0.00,0.00,0,0
1598219247,s3-eth2,152218.00,6227082.00,6379300.00,6227082,152218,2057.00,4113.00,6170.00,4113,2057,0.00,0.00,0,0
1598219247,s3-eth1,6227082.00,152218.00,6379300.00,152218,6227082,4113.00,2057.00,6170.00,2057,4113,0.00,0.00,0,0
1598219247,total,19137900.00,19137900.00,38275800.00,19137900,19137900,18510.00,18510.00,37020.00,18510,18510,0.00,0.00,0,0
1598219248,s1,0.00,0.00,0.00,0,0,0.00,0.00,0.00,0,0,0.00,0.00,0,0
1598219248,eth0,0.00,0.00,0.00,0,0,0.00,0.00,0.00,0,0,0.00,0.00,0,0
1598219248,eth1,0.00,0.00,0.00,0,0,0.00,0.00,0.00,0,0,0.00,0.00,0,0
1598219248,s2,0.00,0.00,0.00,0,0,0.00,0.00,0.00,0,0,0.00,0.00,0,0
1598219248,s1-eth2,152218.00,6228596.00,6380814.00,6228596,152218,2057.00,4114.00,6171.00,4114,2057,0.00,0.00,0,0
1598219248,s1-eth1,6228596.00,152218.00,6380814.00,152218,6228596,4114.00,2057.00,6171.00,2057,4114,0.00,0.00,0,0
1598219248,s3,0.00,0.00,0.00,0,0,0.00,0.00,0.00,0,0,0.00,0.00,0,0
1598219248,s2-eth2,152218.00,6230110.00,6382328.00,6230110,152218,2057.00,4115.00,6172.00,4115,2057,0.00,0.00,0,0
1598219248,s2-eth1,6228596.00,152218.00,6380814.00,152218,6228596,4114.00,2057.00,6171.00,2057,4114,0.00,0.00,0,0
1598219248,lo,0.00,0.00,0.00,0,0,0.00,0.00,0.00,0,0,0.00,0.00,0,0
1598219248,s3-eth2,152218.00,6230110.00,6382328.00,6230110,152218,2057.00,4115.00,6172.00,4115,2057,0.00,0.00,0,0
1598219248,s3-eth1,6230110.00,152218.00,6382328.00,152218,6230110,4115.00,2057.00,6172.00,2057,4115,0.00,0.00,0,0
1598219248,total,19143956.00,19145470.00,38289424.00,19145470,19143956,18514.00,18515.00,37029.00,18515,18514,0.00,0.00,0,0
1598219249,s1,0.00,0.00,0.00,0,0,0.00,0.00,0.00,0,0,0.00,0.00,0,0
1598219249,eth0,0.00,0.00,0.00,0,0,0.00,0.00,0.00,0,0,0.00,0.00,0,0
1598219249,eth1,0.00,0.00,0.00,0,0,0.00,0.00,0.00,0,0,0.00,0.00,0,0
1598219249,s2,0.00,0.00,0.00,0,0,0.00,0.00,0.00,0,0,0.00,0.00,0,0
1598219249,s1-eth2,152186.00,6228638.00,6380824.00,6228638,152186,2057.00,4115.00,6172.00,4115,2057,0.00,0.00,0,0
1598219249,s1-eth1,6227124.00,152186.00,6379310.00,152186,6227124,4114.00,2057.00,6171.00,2057,4114,0.00,0.00,0,0
1598219249,s3,0.00,0.00,0.00,0,0,0.00,0.00,0.00,0,0,0.00,0.00,0,0
1598219249,s2-eth2,152260.00,6227124.00,6379384.00,6227124,152260,2058.00,4114.00,6172.00,4114,2058,0.00,0.00,0,0
1598219249,s2-eth1,6228638.00,152186.00,6380824.00,152186,6228638,4115.00,2057.00,6172.00,2057,4115,0.00,0.00,0,0
1598219249,lo,1060.00,1060.00,2120.00,1060,1060,12.00,12.00,24.00,12,12,0.00,0.00,0,0
1598219249,s3-eth2,152186.00,6228638.00,6380824.00,6228638,152186,2057.00,4115.00,6172.00,4115,2057,0.00,0.00,0,0
1598219249,s3-eth1,6227124.00,152260.00,6379384.00,152260,6227124,4114.00,2058.00,6172.00,2058,4114,0.00,0.00,0,0
1598219249,total,19140578.00,19142092.00,38282672.00,19142092,19140578,18527.00,18528.00,37055.00,18528,18527,0.00,0.00,0,0
1598219250,s1,0.00,342.00,342.00,342,0,0.00,1.00,1.00,1,0,0.00,0.00,0,0
1598219250,eth0,0.00,0.00,0.00,0,0,0.00,0.00,0.00,0,0,0.00,0.00,0,0
1598219250,eth1,0.00,246.00,246.00,246,0,0.00,1.00,1.00,1,0,0.00,0.00,0,0
1598219250,s2,0.00,342.00,342.00,342,0,0.00,1.00,1.00,1,0,0.00,0.00,0,0
1598219250,s1-eth2,152292.00,6228938.00,6381230.00,6228938,152292,2058.00,4115.00,6173.00,4115,2058,0.00,0.00,0,0
1598219250,s1-eth1,6230452.00,152292.00,6382744.00,152292,6230452,4116.00,2058.00,6174.00,2058,4116,0.00,0.00,0,0
1598219250,s3,0.00,0.00,0.00,0,0,0.00,0.00,0.00,0,0,0.00,0.00,0,0
1598219250,s2-eth2,152218.00,6230452.00,6382670.00,6230452,152218,2057.00,4116.00,6173.00,4116,2057,0.00,0.00,0,0
1598219250,s2-eth1,6228938.00,152292.00,6381230.00,152292,6228938,4115.00,2058.00,6173.00,2058,4115,0.00,0.00,0,0
1598219250,lo,652.00,652.00,1304.00,652,652,6.00,6.00,12.00,6,6,0.00,0.00,0,0
1598219250,s3-eth2,152292.00,6230110.00,6382402.00,6230110,152292,2058.00,4115.00,6173.00,4115,2058,0.00,0.00,0,0
1598219250,s3-eth1,6230452.00,152218.00,6382670.00,152218,6230452,4116.00,2057.00,6173.00,2057,4116,0.00,0.00,0,0
1598219250,total,19147296.00,19147884.00,38295180.00,19147884,19147296,18526.00,18528.00,37054.00,18528,18526,0.00,0.00,0,0
1598219251,s1,0.00,0.00,0.00,0,0,0.00,0.00,0.00,0,0,0.00,0.00,0,0
1598219251,eth0,0.00,0.00,0.00,0,0,0.00,0.00,0.00,0,0,0.00,0.00,0,0
1598219251,eth1,0.00,0.00,0.00,0,0,0.00,0.00,0.00,0,0,0.00,0.00,0,0
1598219251,s2,0.00,0.00,0.00,0,0,0.00,0.00,0.00,0,0,0.00,0.00,0,0
1598219251,s1-eth2,152144.00,6225568.00,6377712.00,6225568,152144,2056.00,4112.00,6168.00,4112,2056,0.00,0.00,0,0
1598219251,s1-eth1,6225568.00,152144.00,6377712.00,152144,6225568,4112.00,2056.00,6168.00,2056,4112,0.00,0.00,0,0
1598219251,s3,0.00,0.00,0.00,0,0,0.00,0.00,0.00,0,0,0.00,0.00,0,0
1598219251,s2-eth2,152144.00,6225568.00,6377712.00,6225568,152144,2056.00,4112.00,6168.00,4112,2056,0.00,0.00,0,0
1598219251,s2-eth1,6225568.00,152144.00,6377712.00,152144,6225568,4112.00,2056.00,6168.00,2056,4112,0.00,0.00,0,0
1598219251,lo,0.00,0.00,0.00,0,0,0.00,0.00,0.00,0,0,0.00,0.00,0,0
1598219251,s3-eth2,152070.00,6225568.00,6377638.00,6225568,152070,2055.00,4112.00,6167.00,4112,2055,0.00,0.00,0,0
1598219251,s3-eth1,6225568.00,152144.00,6377712.00,152144,6225568,4112.00,2056.00,6168.00,2056,4112,0.00,0.00,0,0
1598219251,total,19133062.00,19133136.00,38266200.00,19133136,19133062,18503.00,18504.00,37007.00,18504,18503,0.00,0.00,0,0
1598219252,s1,0.00,0.00,0.00,0,0,0.00,0.00,0.00,0,0,0.00,0.00,0,0
1598219252,eth0,0.00,0.00,0.00,0,0,0.00,0.00,0.00,0,0,0.00,0.00,0,0
1598219252,eth1,0.00,0.00,0.00,0,0,0.00,0.00,0.00,0,0,0.00,0.00,0,0
1598219252,s2,0.00,0.00,0.00,0,0,0.00,0.00,0.00,0,0,0.00,0.00,0,0
1598219252,s1-eth2,151256.00,6187718.00,6338974.00,6187718,151256,2044.00,4087.00,6131.00,4087,2044,0.00,0.00,0,0
1598219252,s1-eth1,6187718.00,151182.00,6338900.00,151182,6187718,4087.00,2043.00,6130.00,2043,4087,0.00,0.00,0,0
1598219252,s3,0.00,0.00,0.00,0,0,0.00,0.00,0.00,0,0,0.00,0.00,0,0
1598219252,s2-eth2,151256.00,6187718.00,6338974.00,6187718,151256,2044.00,4087.00,6131.00,4087,2044,0.00,0.00,0,0
1598219252,s2-eth1,6187718.00,151256.00,6338974.00,151256,6187718,4087.00,2044.00,6131.00,2044,4087,0.00,0.00,0,0
1598219252,lo,0.00,0.00,0.00,0,0,0.00,0.00,0.00,0,0,0.00,0.00,0,0
1598219252,s3-eth2,151256.00,6187718.00,6338974.00,6187718,151256,2044.00,4087.00,6131.00,4087,2044,0.00,0.00,0,0
1598219252,s3-eth1,6187718.00,151256.00,6338974.00,151256,6187718,4087.00,2044.00,6131.00,2044,4087,0.00,0.00,0,0
1598219252,total,19016922.00,19016848.00,38033768.00,19016848,19016922,18393.00,18392.00,36785.00,18392,18393,0.00,0.00,0,0
1598219253,s1,0.00,0.00,0.00,0,0,0.00,0.00,0.00,0,0,0.00,0.00,0,0
1598219253,eth0,0.00,0.00,0.00,0,0,0.00,0.00,0.00,0,0,0.00,0.00,0,0
1598219253,eth1,0.00,0.00,0.00,0,0,0.00,0.00,0.00,0,0,0.00,0.00,0,0
1598219253,s2,0.00,0.00,0.00,0,0,0.00,0.00,0.00,0,0,0.00,0.00,0,0
1598219253,s1-eth2,152218.00,6231624.00,6383842.00,6231624,152218,2057.00,4116.00,6173.00,4116,2057,0.00,0.00,0,0
1598219253,s1-eth1,6231624.00,152292.00,6383916.00,152292,6231624,4116.00,2058.00,6174.00,2058,4116,0.00,0.00,0,0
1598219253,s3,0.00,0.00,0.00,0,0,0.00,0.00,0.00,0,0,0.00,0.00,0,0
1598219253,s2-eth2,152218.00,6231624.00,6383842.00,6231624,152218,2057.00,4116.00,6173.00,4116,2057,0.00,0.00,0,0
1598219253,s2-eth1,6231624.00,152218.00,6383842.00,152218,6231624,4116.00,2057.00,6173.00,2057,4116,0.00,0.00,0,0
1598219253,lo,0.00,0.00,0.00,0,0,0.00,0.00,0.00,0,0,0.00,0.00,0,0
1598219253,s3-eth2,152292.00,6231624.00,6383916.00,6231624,152292,2058.00,4116.00,6174.00,4116,2058,0.00,0.00,0,0
1598219253,s3-eth1,6231624.00,152218.00,6383842.00,152218,6231624,4116.00,2057.00,6173.00,2057,4116,0.00,0.00,0,0
1598219253,total,19151600.00,19151600.00,38303200.00,19151600,19151600,18520.00,18520.00,37040.00,18520,18520,0.00,0.00,0,0
1598219254,s1,0.00,0.00,0.00,0,0,0.00,0.00,0.00,0,0,0.00,0.00,0,0
1598219254,eth0,0.00,0.00,0.00,0,0,0.00,0.00,0.00,0,0,0.00,0.00,0,0
1598219254,eth1,0.00,0.00,0.00,0,0,0.00,0.00,0.00,0,0,0.00,0.00,0,0
1598219254,s2,0.00,0.00,0.00,0,0,0.00,0.00,0.00,0,0,0.00,0.00,0,0
1598219254,s1-eth2,150368.00,6149868.00,6300236.00,6149868,150368,2032.00,4062.00,6094.00,4062,2032,0.00,0.00,0,0
1598219254,s1-eth1,6150210.00,150294.00,6300504.00,150294,6150210,4063.00,2031.00,6094.00,2031,4063,0.00,0.00,0,0
1598219254,s3,0.00,0.00,0.00,0,0,0.00,0.00,0.00,0,0,0.00,0.00,0,0
1598219254,s2-eth2,150368.00,6151382.00,6301750.00,6151382,150368,2032.00,4063.00,6095.00,4063,2032,0.00,0.00,0,0
1598219254,s2-eth1,6149868.00,150368.00,6300236.00,150368,6149868,4062.00,2032.00,6094.00,2032,4062,0.00,0.00,0,0
1598219254,lo,516.00,516.00,1032.00,516,516,9.00,9.00,18.00,9,9,0.00,0.00,0,0
1598219254,s3-eth2,150294.00,6151382.00,6301676.00,6151382,150294,2031.00,4063.00,6094.00,4063,2031,0.00,0.00,0,0
1598219254,s3-eth1,6151382.00,150368.00,6301750.00,150368,6151382,4063.00,2032.00,6095.00,2032,4063,0.00,0.00,0,0
1598219254,total,18903006.00,18904178.00,37807184.00,18904178,18903006,18292.00,18292.00,36584.00,18292,18292,0.00,0.00,0,0
1598219255,s1,0.00,0.00,0.00,0,0,0.00,0.00,0.00,0,0,0.00,0.00,0,0
1598219255,eth0,0.00,0.00,0.00,0,0,0.00,0.00,0.00,0,0,0.00,0.00,0,0
1598219255,eth1,0.00,0.00,0.00,0,0,0.00,0.00,0.00,0,0,0.00,0.00,0,0
1598219255,s2,0.00,0.00,0.00,0,0,0.00,0.00,0.00,0,0,0.00,0.00,0,0
1598219255,s1-eth2,150590.00,6163494.00,6314084.00,6163494,150590,2035.00,4071.00,6106.00,4071,2035,0.00,0.00,0,0
1598219255,s1-eth1,6163494.00,150664.00,6314158.00,150664,6163494,4071.00,2036.00,6107.00,2036,4071,0.00,0.00,0,0
1598219255,s3,0.00,0.00,0.00,0,0,0.00,0.00,0.00,0,0,0.00,0.00,0,0
1598219255,s2-eth2,150590.00,6161980.00,6312570.00,6161980,150590,2035.00,4070.00,6105.00,4070,2035,0.00,0.00,0,0
1598219255,s2-eth1,6163494.00,150590.00,6314084.00,150590,6163494,4071.00,2035.00,6106.00,2035,4071,0.00,0.00,0,0
1598219255,lo,0.00,0.00,0.00,0,0,0.00,0.00,0.00,0,0,0.00,0.00,0,0
1598219255,s3-eth2,150664.00,6161980.00,6312644.00,6161980,150664,2036.00,4070.00,6106.00,4070,2036,0.00,0.00,0,0
1598219255,s3-eth1,6161980.00,150590.00,6312570.00,150590,6161980,4070.00,2035.00,6105.00,2035,4070,0.00,0.00,0,0
1598219255,total,18940812.00,18939298.00,37880112.00,18939298,18940812,18318.00,18317.00,36635.00,18317,18318,0.00,0.00,0,0
1598219256,s1,0.00,0.00,0.00,0,0,0.00,0.00,0.00,0,0,0.00,0.00,0,0
1598219256,eth0,0.00,0.00,0.00,0,0,0.00,0.00,0.00,0,0,0.00,0.00,0,0
1598219256,eth1,0.00,0.00,0.00,0,0,0.00,0.00,0.00,0,0,0.00,0.00,0,0
1598219256,s2,0.00,0.00,0.00,0,0,0.00,0.00,0.00,0,0,0.00,0.00,0,0
1598219256,s1-eth2,151996.00,6219512.00,6371508.00,6219512,151996,2054.00,4108.00,6162.00,4108,2054,0.00,0.00,0,0
1598219256,s1-eth1,6219512.00,151996.00,6371508.00,151996,6219512,4108.00,2054.00,6162.00,2054,4108,0.00,0.00,0,0
1598219256,s3,0.00,0.00,0.00,0,0,0.00,0.00,0.00,0,0,0.00,0.00,0,0
1598219256,s2-eth2,151996.00,6221026.00,6373022.00,6221026,151996,2054.00,4109.00,6163.00,4109,2054,0.00,0.00,0,0
1598219256,s2-eth1,6219512.00,151996.00,6371508.00,151996,6219512,4108.00,2054.00,6162.00,2054,4108,0.00,0.00,0,0
1598219256,lo,0.00,0.00,0.00,0,0,0.00,0.00,0.00,0,0,0.00,0.00,0,0
1598219256,s3-eth2,151996.00,6221026.00,6373022.00,6221026,151996,2054.00,4109.00,6163.00,4109,2054,0.00,0.00,0,0
1598219256,s3-eth1,6222540.00,152070.00,6374610.00,152070,6222540,4110.00,2055.00,6165.00,2055,4110,0.00,0.00,0,0
1598219256,total,19117552.00,19117626.00,38235176.00,19117626,19117552,18488.00,18489.00,36977.00,18489,18488,0.00,0.00,0,0
1598219257,s1,0.00,0.00,0.00,0,0,0.00,0.00,0.00,0,0,0.00,0.00,0,0
1598219257,eth0,0.00,0.00,0.00,0,0,0.00,0.00,0.00,0,0,0.00,0.00,0,0
1598219257,eth1,0.00,0.00,0.00,0,0,0.00,0.00,0.00,0,0,0.00,0.00,0,0
1598219257,s2,0.00,0.00,0.00,0,0,0.00,0.00,0.00,0,0,0.00,0.00,0,0
1598219257,s1-eth2,147704.00,6045402.00,6193106.00,6045402,147704,1996.00,3993.00,5989.00,3993,1996,0.00,0.00,0,0
1598219257,s1-eth1,6045402.00,147704.00,6193106.00,147704,6045402,3993.00,1996.00,5989.00,1996,3993,0.00,0.00,0,0
1598219257,s3,0.00,0.00,0.00,0,0,0.00,0.00,0.00,0,0,0.00,0.00,0,0
1598219257,s2-eth2,147778.00,6043888.00,6191666.00,6043888,147778,1997.00,3992.00,5989.00,3992,1997,0.00,0.00,0,0
1598219257,s2-eth1,6045402.00,147704.00,6193106.00,147704,6045402,3993.00,1996.00,5989.00,1996,3993,0.00,0.00,0,0
1598219257,lo,0.00,0.00,0.00,0,0,0.00,0.00,0.00,0,0,0.00,0.00,0,0
1598219257,s3-eth2,147704.00,6043888.00,6191592.00,6043888,147704,1996.00,3992.00,5988.00,3992,1996,0.00,0.00,0,0
1598219257,s3-eth1,6042374.00,147704.00,6190078.00,147704,6042374,3991.00,1996.00,5987.00,1996,3991,0.00,0.00,0,0
1598219257,total,18576364.00,18576290.00,37152656.00,18576290,18576364,17966.00,17965.00,35931.00,17965,17966,0.00,0.00,0,0
1598219258,s1,0.00,0.00,0.00,0,0,0.00,0.00,0.00,0,0,0.00,0.00,0,0
1598219258,eth0,0.00,0.00,0.00,0,0,0.00,0.00,0.00,0,0,0.00,0.00,0,0
1598219258,eth1,0.00,0.00,0.00,0,0,0.00,0.00,0.00,0,0,0.00,0.00,0,0
1598219258,s2,0.00,0.00,0.00,0,0,0.00,0.00,0.00,0,0,0.00,0.00,0,0
1598219258,s1-eth2,151996.00,6219512.00,6371508.00,6219512,151996,2054.00,4108.00,6162.00,4108,2054,0.00,0.00,0,0
1598219258,s1-eth1,6219512.00,151996.00,6371508.00,151996,6219512,4108.00,2054.00,6162.00,2054,4108,0.00,0.00,0,0
1598219258,s3,0.00,0.00,0.00,0,0,0.00,0.00,0.00,0,0,0.00,0.00,0,0
1598219258,s2-eth2,151996.00,6219512.00,6371508.00,6219512,151996,2054.00,4108.00,6162.00,4108,2054,0.00,0.00,0,0
1598219258,s2-eth1,6219512.00,151996.00,6371508.00,151996,6219512,4108.00,2054.00,6162.00,2054,4108,0.00,0.00,0,0
1598219258,lo,0.00,0.00,0.00,0,0,0.00,0.00,0.00,0,0,0.00,0.00,0,0
1598219258,s3-eth2,151996.00,6219512.00,6371508.00,6219512,151996,2054.00,4108.00,6162.00,4108,2054,0.00,0.00,0,0
1598219258,s3-eth1,6219512.00,151996.00,6371508.00,151996,6219512,4108.00,2054.00,6162.00,2054,4108,0.00,0.00,0,0
1598219258,total,19114524.00,19114524.00,38229048.00,19114524,19114524,18486.00,18486.00,36972.00,18486,18486,0.00,0.00,0,0
1598219259,s1,0.00,0.00,0.00,0,0,0.00,0.00,0.00,0,0,0.00,0.00,0,0
1598219259,eth0,0.00,0.00,0.00,0,0,0.00,0.00,0.00,0,0,0.00,0.00,0,0
1598219259,eth1,0.00,0.00,0.00,0,0,0.00,0.00,0.00,0,0,0.00,0.00,0,0
1598219259,s2,0.00,0.00,0.00,0,0,0.00,0.00,0.00,0,0,0.00,0.00,0,0
1598219259,s1-eth2,152144.00,6222540.00,6374684.00,6222540,152144,2056.00,4110.00,6166.00,4110,2056,0.00,0.00,0,0
1598219259,s1-eth1,6222540.00,152070.00,6374610.00,152070,6222540,4110.00,2055.00,6165.00,2055,4110,0.00,0.00,0,0
1598219259,s3,0.00,0.00,0.00,0,0,0.00,0.00,0.00,0,0,0.00,0.00,0,0
1598219259,s2-eth2,152070.00,6222540.00,6374610.00,6222540,152070,2055.00,4110.00,6165.00,4110,2055,0.00,0.00,0,0
1598219259,s2-eth1,6222540.00,152144.00,6374684.00,152144,6222540,4110.00,2056.00,6166.00,2056,4110,0.00,0.00,0,0
1598219259,lo,516.00,516.00,1032.00,516,516,9.00,9.00,18.00,9,9,0.00,0.00,0,0
1598219259,s3-eth2,152070.00,6222540.00,6374610.00,6222540,152070,2055.00,4110.00,6165.00,4110,2055,0.00,0.00,0,0
1598219259,s3-eth1,6222540.00,152070.00,6374610.00,152070,6222540,4110.00,2055.00,6165.00,2055,4110,0.00,0.00,0,0
1598219259,total,19124420.00,19124420.00,38248840.00,19124420,19124420,18505.00,18505.00,37010.00,18505,18505,0.00,0.00,0,0
1598219260,s1,0.00,982.00,982.00,982,0,0.00,5.00,5.00,5,0,0.00,0.00,0,0
1598219260,eth0,1416.00,3308.00,4724.00,3308,1416,12.00,9.00,21.00,9,12,0.00,0.00,0,0
1598219260,eth1,0.00,0.00,0.00,0,0,0.00,0.00,0.00,0,0,0.00,0.00,0,0
1598219260,s2,0.00,982.00,982.00,982,0,0.00,5.00,5.00,5,0,0.00,0.00,0,0
1598219260,s1-eth2,138092.00,5633062.00,5771154.00,5633062,138092,1862.00,3725.00,5587.00,3725,1862,0.00,0.00,0,0
1598219260,s1-eth1,5633514.00,137640.00,5771154.00,137640,5633514,3727.00,1860.00,5587.00,1860,3727,0.00,0.00,0,0
1598219260,s3,0.00,982.00,982.00,982,0,0.00,5.00,5.00,5,0,0.00,0.00,0,0
1598219260,s2-eth2,138622.00,5629582.00,5768204.00,5629582,138622,1865.00,3721.00,5586.00,3721,1865,0.00,0.00,0,0
1598219260,s2-eth1,5633062.00,138092.00,5771154.00,138092,5633062,3725.00,1862.00,5587.00,1862,3725,0.00,0.00,0,0
1598219260,lo,7616.00,7616.00,15232.00,7616,7616,58.00,58.00,116.00,58,58,0.00,0.00,0,0
1598219260,s3-eth2,139152.00,5627538.00,5766690.00,5627538,139152,1868.00,3717.00,5585.00,3717,1868,0.00,0.00,0,0
1598219260,s3-eth1,5629582.00,138622.00,5768204.00,138622,5629582,3721.00,1865.00,5586.00,1865,3721,0.00,0.00,0,0
1598219260,total,17321056.00,17318406.00,34639464.00,17318406,17321056,16838.00,16832.00,33670.00,16832,16838,0.00,0.00,0,0
1598219261,s1,0.00,1532.00,1532.00,1532,0,0.00,10.00,10.00,10,0,0.00,0.00,0,0
1598219261,eth0,608.00,2756.00,3364.00,2756,608,8.00,8.00,16.00,8,8,0.00,0.00,0,0
1598219261,eth1,0.00,0.00,0.00,0,0,0.00,0.00,0.00,0,0,0.00,0.00,0,0
1598219261,s2,0.00,1532.00,1532.00,1532,0,0.00,10.00,10.00,10,0,0.00,0.00,0,0
1598219261,s1-eth2,150260.00,6143830.00,6294090.00,6143830,150260,2030.00,4067.00,6097.00,4067,2030,0.00,0.00,0,0
1598219261,s1-eth1,6144018.00,150146.00,6294164.00,150146,6144018,4069.00,2029.00,6098.00,2029,4069,0.00,0.00,0,0
1598219261,s3,0.00,1277.00,1277.00,1277,0,0.00,10.00,10.00,10,0,0.00,0.00,0,0
1598219261,s2-eth2,151349.00,6145156.00,6296505.00,6145156,151349,2038.00,4066.00,6104.00,4066,2038,0.00,0.00,0,0
1598219261,s2-eth1,6143830.00,150260.00,6294090.00,150260,6143830,4067.00,2030.00,6097.00,2030,4067,0.00,0.00,0,0
1598219261,lo,11899.00,11899.00,23798.00,11899,11899,101.00,101.00,202.00,101,101,0.00,0.00,0,0
1598219261,s3-eth2,152532.00,6148354.00,6300886.00,6148354,152532,2047.00,4061.00,6108.00,4061,2047,0.00,0.00,0,0
1598219261,s3-eth1,6145156.00,151349.00,6296505.00,151349,6145156,4066.00,2038.00,6104.00,2038,4066,0.00,0.00,0,0
1598219261,total,18899652.00,18908092.00,37807744.00,18908091,18899652,18426.00,18430.00,36856.00,18430,18426,0.00,0.00,0,0
1598219262,s1,0.00,2745.00,2745.00,2745,0,0.00,14.00,14.00,14,0,0.00,0.00,0,0
1598219262,eth0,456.00,2067.00,2523.00,2067,456,6.00,6.00,12.00,6,6,0.00,0.00,0,0
1598219262,eth1,0.00,0.00,0.00,0,0,0.00,0.00,0.00,0,0,0.00,0.00,0,0
1598219262,s2,0.00,3272.00,3272.00,3272,0,0.00,17.00,17.00,17,0,0.00,0.00,0,0
1598219262,s1-eth2,153362.00,6191977.00,6345339.00,6191977,153362,2055.00,4102.00,6157.00,4102,2055,0.00,0.00,0,0
1598219262,s1-eth1,6193756.00,151256.00,6345012.00,151256,6193756,4112.00,2044.00,6156.00,2044,4112,0.00,0.00,0,0
1598219262,s3,0.00,3200.00,3200.00,3200,0,0.00,16.00,16.00,16,0,0.00,0.00,0,0
1598219262,s2-eth2,154456.00,6194940.00,6349396.00,6194940,154456,2060.00,4097.00,6157.00,4097,2060,0.00,0.00,0,0
1598219262,s2-eth1,6191977.00,153362.00,6345339.00,153362,6191977,4102.00,2055.00,6157.00,2055,4102,0.00,0.00,0,0
1598219262,lo,16231.00,16231.00,32462.00,16231,16231,140.00,140.00,280.00,140,140,0.00,0.00,0,0
1598219262,s3-eth2,155670.00,6198316.00,6353986.00,6198316,155670,2065.00,4094.00,6159.00,4094,2065,0.00,0.00,0,0
1598219262,s3-eth1,6194940.00,154456.00,6349396.00,154456,6194940,4097.00,2060.00,6157.00,2060,4097,0.00,0.00,0,0
1598219262,total,19060848.00,19071822.00,38132672.00,19071822,19060848,18637.00,18645.00,37282.00,18645,18637,0.00,0.00,0,0
1598219263,s1,0.00,1832.00,1832.00,1832,0,0.00,8.00,8.00,8,0,0.00,0.00,0,0
1598219263,eth0,152.00,689.00,841.00,689,152,2.00,2.00,4.00,2,2,0.00,0.00,0,0
1598219263,eth1,0.00,0.00,0.00,0,0,0.00,0.00,0.00,0,0,0.00,0.00,0,0
1598219263,s2,0.00,963.00,963.00,963,0,0.00,4.00,4.00,4,0,0.00,0.00,0,0
1598219263,s1-eth2,151846.00,6204690.00,6356536.00,6204690,151846,2050.00,4105.00,6155.00,4105,2050,0.00,0.00,0,0
1598219263,s1-eth1,6205653.00,151552.00,6357205.00,151552,6205653,4109.00,2048.00,6157.00,2048,4109,0.00,0.00,0,0
1598219263,s3,0.00,1290.00,1290.00,1290,0,0.00,5.00,5.00,5,0,0.00,0.00,0,0
1598219263,s2-eth2,152916.00,6206555.00,6359471.00,6206555,152916,2054.00,4101.00,6155.00,4101,2054,0.00,0.00,0,0
1598219263,s2-eth1,6204690.00,151846.00,6356536.00,151846,6204690,4105.00,2050.00,6155.00,2050,4105,0.00,0.00,0,0
1598219263,lo,6260.00,6260.00,12520.00,6260,6260,56.00,56.00,112.00,56,56,0.00,0.00,0,0
1598219263,s3-eth2,153698.00,6207400.00,6361098.00,6207400,153698,2056.00,4100.00,6156.00,4100,2056,0.00,0.00,0,0
1598219263,s3-eth1,6206555.00,152916.00,6359471.00,152916,6206555,4101.00,2054.00,6155.00,2054,4101,0.00,0.00,0,0
1598219263,total,19081770.00,19085992.00,38167764.00,19085993,19081770,18533.00,18533.00,37066.00,18533,18533,0.00,0.00,0,0
1598219264,s1,0.00,701.00,701.00,701,0,0.00,3.00,3.00,3,0,0.00,0.00,0,0
1598219264,eth0,0.00,0.00,0.00,0,0,0.00,0.00,0.00,0,0,0.00,0.00,0,0
1598219264,eth1,0.00,0.00,0.00,0,0,0.00,0.00,0.00,0,0,0.00,0.00,0,0
1598219264,s2,0.00,1043.00,1043.00,1043,0,0.00,4.00,4.00,4,0,0.00,0.00,0,0
1598219264,s1-eth2,152739.00,6220213.00,6372952.00,6220213,152739,2057.00,4111.00,6168.00,4111,2057,0.00,0.00,0,0
1598219264,s1-eth1,6220540.00,151996.00,6372536.00,151996,6220540,4112.00,2054.00,6166.00,2054,4112,0.00,0.00,0,0
1598219264,s3,0.00,776.00,776.00,776,0,0.00,3.00,3.00,3,0,0.00,0.00,0,0
1598219264,s2-eth2,152772.00,6218372.00,6371144.00,6218372,152772,2057.00,4109.00,6166.00,4109,2057,0.00,0.00,0,0
1598219264,s2-eth1,6220213.00,152739.00,6372952.00,152739,6220213,4111.00,2057.00,6168.00,2057,4111,0.00,0.00,0,0
1598219264,lo,3197.00,3197.00,6394.00,3197,3197,30.00,30.00,60.00,30,30,0.00,0.00,0,0
1598219264,s3-eth2,152879.00,6219512.00,6372391.00,6219512,152879,2058.00,4108.00,6166.00,4108,2058,0.00,0.00,0,0
1598219264,s3-eth1,6218372.00,152772.00,6371144.00,152772,6218372,4109.00,2057.00,6166.00,2057,4109,0.00,0.00,0,0
1598219264,total,19120712.00,19121320.00,38242032.00,19121321,19120712,18534.00,18536.00,37070.00,18536,18534,0.00,0.00,0,0
1598219265,s1,0.00,771.00,771.00,771,0,0.00,4.00,4.00,4,0,0.00,0.00,0,0
1598219265,eth0,0.00,0.00,0.00,0,0,0.00,0.00,0.00,0,0,0.00,0.00,0,0
1598219265,eth1,0.00,0.00,0.00,0,0,0.00,0.00,0.00,0,0,0.00,0.00,0,0
1598219265,s2,0.00,771.00,771.00,771,0,0.00,4.00,4.00,4,0,0.00,0.00,0,0
1598219265,s1-eth2,152148.00,6214227.00,6366375.00,6214227,152148,2053.00,4108.00,6161.00,4108,2053,0.00,0.00,0,0
1598219265,s1-eth1,6214601.00,151848.00,6366449.00,151848,6214601,4110.00,2052.00,6162.00,2052,4110,0.00,0.00,0,0
1598219265,s3,0.00,1038.00,1038.00,1038,0,0.00,5.00,5.00,5,0,0.00,0.00,0,0
1598219265,s2-eth2,152886.00,6215367.00,6368253.00,6215367,152886,2057.00,4107.00,6164.00,4107,2057,0.00,0.00,0,0
1598219265,s2-eth1,6214227.00,152148.00,6366375.00,152148,6214227,4108.00,2053.00,6161.00,2053,4108,0.00,0.00,0,0
1598219265,lo,3949.00,3949.00,7898.00,3949,3949,38.00,38.00,76.00,38,38,0.00,0.00,0,0
1598219265,s3-eth2,153550.00,6214970.00,6368520.00,6214970,153550,2060.00,4105.00,6165.00,4105,2060,0.00,0.00,0,0
1598219265,s3-eth1,6215367.00,152886.00,6368253.00,152886,6215367,4107.00,2057.00,6164.00,2057,4107,0.00,0.00,0,0
1598219265,total,19106728.00,19107976.00,38214704.00,19107975,19106728,18533.00,18533.00,37066.00,18533,18533,0.00,0.00,0,0
1598219266,s1,0.00,739.00,739.00,739,0,0.00,3.00,3.00,3,0,0.00,0.00,0,0
1598219266,eth0,0.00,0.00,0.00,0,0,0.00,0.00,0.00,0,0,0.00,0.00,0,0
1598219266,eth1,0.00,0.00,0.00,0,0,0.00,0.00,0.00,0,0,0.00,0.00,0,0
1598219266,s2,0.00,739.00,739.00,739,0,0.00,3.00,3.00,3,0,0.00,0.00,0,0
1598219266,s1-eth2,152467.00,6223279.00,6375746.00,6223279,152467,2057.00,4113.00,6170.00,4113,2057,0.00,0.00,0,0
1598219266,s1-eth1,6222162.00,152070.00,6374232.00,152070,6222162,4114.00,2055.00,6169.00,2055,4114,0.00,0.00,0,0
1598219266,s3,0.00,397.00,397.00,397,0,0.00,2.00,2.00,2,0,0.00,0.00,0,0
1598219266,s2-eth2,152393.00,6224396.00,6376789.00,6224396,152393,2056.00,4112.00,6168.00,4112,2056,0.00,0.00,0,0
1598219266,s2-eth1,6223279.00,152467.00,6375746.00,152467,6223279,4113.00,2057.00,6170.00,2057,4113,0.00,0.00,0,0
1598219266,lo,2434.00,2434.00,4868.00,2434,2434,24.00,24.00,48.00,24,24,0.00,0.00,0,0
1598219266,s3-eth2,152467.00,6224054.00,6376521.00,6224054,152467,2057.00,4111.00,6168.00,4111,2057,0.00,0.00,0,0
1598219266,s3-eth1,6224396.00,152393.00,6376789.00,152393,6224396,4112.00,2056.00,6168.00,2056,4112,0.00,0.00,0,0
1598219266,total,19129598.00,19132968.00,38262568.00,19132968,19129598,18533.00,18536.00,37069.00,18536,18533,0.00,0.00,0,0
1598219267,s1,0.00,342.00,342.00,342,0,0.00,1.00,1.00,1,0,0.00,0.00,0,0
1598219267,eth0,60.00,60.00,120.00,60,60,1.00,1.00,2.00,1,1,0.00,0.00,0,0
1598219267,eth1,0.00,0.00,0.00,0,0,0.00,0.00,0.00,0,0,0.00,0.00,0,0
1598219267,s2,0.00,0.00,0.00,0,0,0.00,0.00,0.00,0,0,0.00,0.00,0,0
1598219267,s1-eth2,151996.00,6221368.00,6373364.00,6221368,151996,2054.00,4110.00,6164.00,4110,2054,0.00,0.00,0,0
1598219267,s1-eth1,6221368.00,151996.00,6373364.00,151996,6221368,4110.00,2054.00,6164.00,2054,4110,0.00,0.00,0,0
1598219267,s3,0.00,0.00,0.00,0,0,0.00,0.00,0.00,0,0,0.00,0.00,0,0
1598219267,s2-eth2,152070.00,6221026.00,6373096.00,6221026,152070,2055.00,4109.00,6164.00,4109,2055,0.00,0.00,0,0
1598219267,s2-eth1,6221368.00,151996.00,6373364.00,151996,6221368,4110.00,2054.00,6164.00,2054,4110,0.00,0.00,0,0
1598219267,lo,326.00,326.00,652.00,326,326,3.00,3.00,6.00,3,3,0.00,0.00,0,0
1598219267,s3-eth2,151996.00,6221026.00,6373022.00,6221026,151996,2054.00,4109.00,6163.00,4109,2054,0.00,0.00,0,0
1598219267,s3-eth1,6221026.00,152070.00,6373096.00,152070,6221026,4109.00,2055.00,6164.00,2055,4109,0.00,0.00,0,0
1598219267,total,19120210.00,19120210.00,38240420.00,19120210,19120210,18496.00,18496.00,36992.00,18496,18496,0.00,0.00,0,0
1598219268,s1,0.00,107.00,107.00,107,0,0.00,1.00,1.00,1,0,0.00,0.00,0,0
1598219268,eth0,0.00,0.00,0.00,0,0,0.00,0.00,0.00,0,0,0.00,0.00,0,0
1598219268,eth1,0.00,0.00,0.00,0,0,0.00,0.00,0.00,0,0,0.00,0.00,0,0
1598219268,s2,0.00,449.00,449.00,449,0,0.00,2.00,2.00,2,0,0.00,0.00,0,0
1598219268,s1-eth2,152560.00,6228703.00,6381263.00,6228703,152560,2058.00,4115.00,6173.00,4115,2058,0.00,0.00,0,0
1598219268,s1-eth1,6228703.00,152218.00,6380921.00,152218,6228703,4115.00,2057.00,6172.00,2057,4115,0.00,0.00,0,0
1598219268,s3,0.00,449.00,449.00,449,0,0.00,2.00,2.00,2,0,0.00,0.00,0,0
1598219268,s2-eth2,152667.00,6228703.00,6381370.00,6228703,152667,2059.00,4115.00,6174.00,4115,2059,0.00,0.00,0,0
1598219268,s2-eth1,6228703.00,152560.00,6381263.00,152560,6228703,4115.00,2058.00,6173.00,2058,4115,0.00,0.00,0,0
1598219268,lo,1567.00,1567.00,3134.00,1567,1567,15.00,15.00,30.00,15,15,0.00,0.00,0,0
1598219268,s3-eth2,152774.00,6228596.00,6381370.00,6228596,152774,2060.00,4114.00,6174.00,4114,2060,0.00,0.00,0,0
1598219268,s3-eth1,6228703.00,152667.00,6381370.00,152667,6228703,4115.00,2059.00,6174.00,2059,4115,0.00,0.00,0,0
1598219268,total,19145676.00,19146020.00,38291696.00,19146019,19145677,18537.00,18538.00,37075.00,18538,18537,0.00,0.00,0,0
1598219269,s1,0.00,177.00,177.00,177,0,0.00,2.00,2.00,2,0,0.00,0.00,0,0
1598219269,eth0,0.00,0.00,0.00,0,0,0.00,0.00,0.00,0,0,0.00,0.00,0,0
1598219269,eth1,0.00,0.00,0.00,0,0,0.00,0.00,0.00,0,0,0.00,0.00,0,0
1598219269,s2,0.00,177.00,177.00,177,0,0.00,2.00,2.00,2,0,0.00,0.00,0,0
1598219269,s1-eth2,152103.00,6218175.00,6370278.00,6218175,152103,2055.00,4109.00,6164.00,4109,2055,0.00,0.00,0,0
1598219269,s1-eth1,6218282.00,151996.00,6370278.00,151996,6218282,4110.00,2054.00,6164.00,2054,4110,0.00,0.00,0,0
1598219269,s3,0.00,519.00,519.00,519,0,0.00,3.00,3.00,3,0,0.00,0.00,0,0
1598219269,s2-eth2,152441.00,6216554.00,6368995.00,6216554,152441,2056.00,4107.00,6163.00,4107,2056,0.00,0.00,0,0
1598219269,s2-eth1,6218175.00,152103.00,6370278.00,152103,6218175,4109.00,2055.00,6164.00,2055,4109,0.00,0.00,0,0
1598219269,lo,2045.00,2045.00,4090.00,2045,2045,21.00,21.00,42.00,21,21,0.00,0.00,0,0
1598219269,s3-eth2,152511.00,6216484.00,6368995.00,6216484,152511,2057.00,4106.00,6163.00,4106,2057,0.00,0.00,0,0
1598219269,s3-eth1,6216554.00,152441.00,6368995.00,152441,6216554,4107.00,2056.00,6163.00,2056,4107,0.00,0.00,0,0
1598219269,total,19112112.00,19110672.00,38222784.00,19110671,19112111,18515.00,18515.00,37030.00,18515,18515,0.00,0.00,0,0
1598219270,s1,0.00,412.00,412.00,412,0,0.00,2.00,2.00,2,0,0.00,0.00,0,0
1598219270,eth0,0.00,0.00,0.00,0,0,0.00,0.00,0.00,0,0,0.00,0.00,0,0
1598219270,eth1,0.00,0.00,0.00,0,0,0.00,0.00,0.00,0,0,0.00,0.00,0,0
1598219270,s2,0.00,412.00,412.00,412,0,0.00,2.00,2.00,2,0,0.00,0.00,0,0
1598219270,s1-eth2,152288.00,6230522.00,6382810.00,6230522,152288,2058.00,4117.00,6175.00,4117,2058,0.00,0.00,0,0
1598219270,s1-eth1,6230934.00,152218.00,6383152.00,152218,6230934,4119.00,2057.00,6176.00,2057,4119,0.00,0.00,0,0
1598219270,s3,0.00,70.00,70.00,70,0,0.00,1.00,1.00,1,0,0.00,0.00,0,0
1598219270,s2-eth2,152362.00,6230452.00,6382814.00,6230452,152362,2059.00,4116.00,6175.00,4116,2059,0.00,0.00,0,0
1598219270,s2-eth1,6230522.00,152288.00,6382810.00,152288,6230522,4117.00,2058.00,6175.00,2058,4117,0.00,0.00,0,0
1598219270,lo,1456.00,1456.00,2912.00,1456,1456,15.00,15.00,30.00,15,15,0.00,0.00,0,0
1598219270,s3-eth2,152362.00,6231624.00,6383986.00,6231624,152362,2059.00,4116.00,6175.00,4116,2059,0.00,0.00,0,0
1598219270,s3-eth1,6230452.00,152362.00,6382814.00,152362,6230452,4116.00,2059.00,6175.00,2059,4116,0.00,0.00,0,0
1598219270,total,19150376.00,19151816.00,38302192.00,19151816,19150376,18543.00,18543.00,37086.00,18543,18543,0.00,0.00,0,0
1598219271,s1,0.00,0.00,0.00,0,0,0.00,0.00,0.00,0,0,0.00,0.00,0,0
1598219271,eth0,0.00,0.00,0.00,0,0,0.00,0.00,0.00,0,0,0.00,0.00,0,0
1598219271,eth1,0.00,0.00,0.00,0,0,0.00,0.00,0.00,0,0,0.00,0.00,0,0
1598219271,s2,0.00,0.00,0.00,0,0,0.00,0.00,0.00,0,0,0.00,0.00,0,0
1598219271,s1-eth2,150072.00,6140784.00,6290856.00,6140784,150072,2028.00,4056.00,6084.00,4056,2028,0.00,0.00,0,0
1598219271,s1-eth1,6140784.00,150072.00,6290856.00,150072,6140784,4056.00,2028.00,6084.00,2028,4056,0.00,0.00,0,0
1598219271,s3,0.00,0.00,0.00,0,0,0.00,0.00,0.00,0,0,0.00,0.00,0,0
1598219271,s2-eth2,150072.00,6142298.00,6292370.00,6142298,150072,2028.00,4057.00,6085.00,4057,2028,0.00,0.00,0,0
1598219271,s2-eth1,6140784.00,150072.00,6290856.00,150072,6140784,4056.00,2028.00,6084.00,2028,4056,0.00,0.00,0,0
1598219271,lo,0.00,0.00,0.00,0,0,0.00,0.00,0.00,0,0,0.00,0.00,0,0
1598219271,s3-eth2,150072.00,6140784.00,6290856.00,6140784,150072,2028.00,4056.00,6084.00,4056,2028,0.00,0.00,0,0
1598219271,s3-eth1,6142298.00,150072.00,6292370.00,150072,6142298,4057.00,2028.00,6085.00,2028,4057,0.00,0.00,0,0
1598219271,total,18874082.00,18874082.00,37748164.00,18874082,18874082,18253.00,18253.00,36506.00,18253,18253,0.00,0.00,0,0
1598219272,s1,0.00,0.00,0.00,0,0,0.00,0.00,0.00,0,0,0.00,0.00,0,0
1598219272,eth0,0.00,0.00,0.00,0,0,0.00,0.00,0.00,0,0,0.00,0.00,0,0
1598219272,eth1,0.00,0.00,0.00,0,0,0.00,0.00,0.00,0,0,0.00,0.00,0,0
1598219272,s2,0.00,0.00,0.00,0,0,0.00,0.00,0.00,0,0,0.00,0.00,0,0
1598219272,s1-eth2,151922.00,6216484.00,6368406.00,6216484,151922,2053.00,4106.00,6159.00,4106,2053,0.00,0.00,0,0
1598219272,s1-eth1,6216484.00,151922.00,6368406.00,151922,6216484,4106.00,2053.00,6159.00,2053,4106,0.00,0.00,0,0
1598219272,s3,0.00,0.00,0.00,0,0,0.00,0.00,0.00,0,0,0.00,0.00,0,0
1598219272,s2-eth2,151848.00,6214970.00,6366818.00,6214970,151848,2052.00,4105.00,6157.00,4105,2052,0.00,0.00,0,0
1598219272,s2-eth1,6216484.00,151922.00,6368406.00,151922,6216484,4106.00,2053.00,6159.00,2053,4106,0.00,0.00,0,0
1598219272,lo,0.00,0.00,0.00,0,0,0.00,0.00,0.00,0,0,0.00,0.00,0,0
1598219272,s3-eth2,152264.00,6214970.00,6367234.00,6214970,152264,2054.00,4105.00,6159.00,4105,2054,0.00,0.00,0,0
1598219272,s3-eth1,6214970.00,151848.00,6366818.00,151848,6214970,4105.00,2052.00,6157.00,2052,4105,0.00,0.00,0,0
1598219272,total,19103972.00,19102116.00,38206088.00,19102116,19103972,18476.00,18474.00,36950.00,18474,18476,0.00,0.00,0,0
1598219273,s1,0.00,342.00,342.00,342,0,0.00,1.00,1.00,1,0,0.00,0.00,0,0
1598219273,eth0,0.00,0.00,0.00,0,0,0.00,0.00,0.00,0,0,0.00,0.00,0,0
1598219273,eth1,0.00,0.00,0.00,0,0,0.00,0.00,0.00,0,0,0.00,0.00,0,0
1598219273,s2,0.00,342.00,342.00,342,0,0.00,1.00,1.00,1,0,0.00,0.00,0,0
1598219273,s1-eth2,60812.00,2277228.00,2338040.00,2277228,60812,818.00,1508.00,2326.00,1508,818,0.00,0.00,0,0
1598219273,s1-eth1,2342330.00,58916.00,2401246.00,58916,2342330,1551.00,796.00,2347.00,796,1551,0.00,0.00,0,0
1598219273,s3,0.00,342.00,342.00,342,0,0.00,1.00,1.00,1,0,0.00,0.00,0,0
1598219273,s2-eth2,62366.00,2205728.00,2268094.00,2205728,62366,839.00,1460.00,2299.00,1460,839,0.00,0.00,0,0
1598219273,s2-eth1,2277228.00,60812.00,2338040.00,60812,2277228,1508.00,818.00,2326.00,818,1508,0.00,0.00,0,0
1598219273,lo,978.00,978.00,1956.00,978,978,9.00,9.00,18.00,9,9,0.00,0.00,0,0
1598219273,s3-eth2,63846.00,2130028.00,2193874.00,2130028,63846,859.00,1410.00,2269.00,1410,859,0.00,0.00,0,0
1598219273,s3-eth1,2205728.00,62366.00,2268094.00,62366,2205728,1460.00,839.00,2299.00,839,1460,0.00,0.00,0,0
1598219273,total,7013288.00,6797082.00,13810370.00,6797082,7013288,7044.00,6843.00,13887.00,6843,7044,0.00,0.00,0,0
1598219274,s1,0.00,0.00,0.00,0,0,0.00,0.00,0.00,0,0,0.00,0.00,0,0
1598219274,eth0,0.00,0.00,0.00,0,0,0.00,0.00,0.00,0,0,0.00,0.00,0,0
1598219274,eth1,0.00,0.00,0.00,0,0,0.00,0.00,0.00,0,0,0.00,0.00,0,0
1598219274,s2,0.00,0.00,0.00,0,0,0.00,0.00,0.00,0,0,0.00,0.00,0,0
1598219274,s1-eth2,0.00,0.00,0.00,0,0,0.00,0.00,0.00,0,0,0.00,0.00,0,0
1598219274,s1-eth1,0.00,0.00,0.00,0,0,0.00,0.00,0.00,0,0,0.00,0.00,0,0
1598219274,s3,0.00,0.00,0.00,0,0,0.00,0.00,0.00,0,0,0.00,0.00,0,0
1598219274,s2-eth2,0.00,0.00,0.00,0,0,0.00,0.00,0.00,0,0,0.00,0.00,0,0
1598219274,s2-eth1,0.00,0.00,0.00,0,0,0.00,0.00,0.00,0,0,0.00,0.00,0,0
1598219274,lo,0.00,0.00,0.00,0,0,0.00,0.00,0.00,0,0,0.00,0.00,0,0
1598219274,s3-eth2,0.00,0.00,0.00,0,0,0.00,0.00,0.00,0,0,0.00,0.00,0,0
1598219274,s3-eth1,0.00,0.00,0.00,0,0,0.00,0.00,0.00,0,0,0.00,0.00,0,0
1598219274,total,0.00,0.00,0.00,0,0,0.00,0.00,0.00,0,0,0.00,0.00,0,0
1598219275,s1,0.00,0.00,0.00,0,0,0.00,0.00,0.00,0,0,0.00,0.00,0,0
1598219275,eth0,0.00,0.00,0.00,0,0,0.00,0.00,0.00,0,0,0.00,0.00,0,0
1598219275,eth1,0.00,0.00,0.00,0,0,0.00,0.00,0.00,0,0,0.00,0.00,0,0
1598219275,s2,0.00,0.00,0.00,0,0,0.00,0.00,0.00,0,0,0.00,0.00,0,0
1598219275,s1-eth2,0.00,0.00,0.00,0,0,0.00,0.00,0.00,0,0,0.00,0.00,0,0
1598219275,s1-eth1,0.00,0.00,0.00,0,0,0.00,0.00,0.00,0,0,0.00,0.00,0,0
1598219275,s3,0.00,0.00,0.00,0,0,0.00,0.00,0.00,0,0,0.00,0.00,0,0
1598219275,s2-eth2,0.00,0.00,0.00,0,0,0.00,0.00,0.00,0,0,0.00,0.00,0,0
1598219275,s2-eth1,0.00,0.00,0.00,0,0,0.00,0.00,0.00,0,0,0.00,0.00,0,0
1598219275,lo,0.00,0.00,0.00,0,0,0.00,0.00,0.00,0,0,0.00,0.00,0,0
1598219275,s3-eth2,0.00,0.00,0.00,0,0,0.00,0.00,0.00,0,0,0.00,0.00,0,0
1598219275,s3-eth1,0.00,0.00,0.00,0,0,0.00,0.00,0.00,0,0,0.00,0.00,0,0
1598219275,total,0.00,0.00,0.00,0,0,0.00,0.00,0.00,0,0,0.00,0.00,0,0
1598219276,s1,0.00,106.89,106.89,107,0,0.00,1.00,1.00,1,0,0.00,0.00,0,0
1598219276,eth0,0.00,0.00,0.00,0,0,0.00,0.00,0.00,0,0,0.00,0.00,0,0
1598219276,eth1,0.00,0.00,0.00,0,0,0.00,0.00,0.00,0,0,0.00,0.00,0,0
1598219276,s2,0.00,106.89,106.89,107,0,0.00,1.00,1.00,1,0,0.00,0.00,0,0
1598219276,s1-eth2,0.00,106.89,106.89,107,0,0.00,1.00,1.00,1,0,0.00,0.00,0,0
1598219276,s1-eth1,106.89,0.00,106.89,0,107,1.00,0.00,1.00,0,1,0.00,0.00,0,0
1598219276,s3,0.00,106.89,106.89,107,0,0.00,1.00,1.00,1,0,0.00,0.00,0,0
1598219276,s2-eth2,106.89,106.89,213.79,107,107,1.00,1.00,2.00,1,1,0.00,0.00,0,0
1598219276,s2-eth1,106.89,0.00,106.89,0,107,1.00,0.00,1.00,0,1,0.00,0.00,0,0
1598219276,lo,914.09,914.09,1828.17,915,915,8.99,8.99,17.98,9,9,0.00,0.00,0,0
1598219276,s3-eth2,213.79,0.00,213.79,0,214,2.00,0.00,2.00,0,2,0.00,0.00,0,0
1598219276,s3-eth1,106.89,106.89,213.79,107,107,1.00,1.00,2.00,1,1,0.00,0.00,0,0
1598219276,total,1555.44,1555.44,3110.89,1557,1557,14.99,14.99,29.97,15,15,0.00,0.00,0,0
1598219277,s1,0.00,107.00,107.00,107,0,0.00,1.00,1.00,1,0,0.00,0.00,0,0
1598219277,eth0,0.00,0.00,0.00,0,0,0.00,0.00,0.00,0,0,0.00,0.00,0,0
1598219277,eth1,0.00,0.00,0.00,0,0,0.00,0.00,0.00,0,0,0.00,0.00,0,0
1598219277,s2,0.00,107.00,107.00,107,0,0.00,1.00,1.00,1,0,0.00,0.00,0,0
1598219277,s1-eth2,107.00,107.00,214.00,107,107,1.00,1.00,2.00,1,1,0.00,0.00,0,0
1598219277,s1-eth1,214.00,0.00,214.00,0,214,2.00,0.00,2.00,0,2,0.00,0.00,0,0
1598219277,s3,0.00,107.00,107.00,107,0,0.00,1.00,1.00,1,0,0.00,0.00,0,0
1598219277,s2-eth2,107.00,0.00,107.00,0,107,1.00,0.00,1.00,0,1,0.00,0.00,0,0
1598219277,s2-eth1,107.00,107.00,214.00,107,107,1.00,1.00,2.00,1,1,0.00,0.00,0,0
1598219277,lo,915.00,915.00,1830.00,915,915,9.00,9.00,18.00,9,9,0.00,0.00,0,0
1598219277,s3-eth2,107.00,0.00,107.00,0,107,1.00,0.00,1.00,0,1,0.00,0.00,0,0
1598219277,s3-eth1,0.00,107.00,107.00,107,0,0.00,1.00,1.00,1,0,0.00,0.00,0,0
1598219277,total,1557.00,1557.00,3114.00,1557,1557,15.00,15.00,30.00,15,15,0.00,0.00,0,0
1598219278,s1,0.00,0.00,0.00,0,0,0.00,0.00,0.00,0,0,0.00,0.00,0,0
1598219278,eth0,0.00,0.00,0.00,0,0,0.00,0.00,0.00,0,0,0.00,0.00,0,0
1598219278,eth1,0.00,0.00,0.00,0,0,0.00,0.00,0.00,0,0,0.00,0.00,0,0
1598219278,s2,0.00,0.00,0.00,0,0,0.00,0.00,0.00,0,0,0.00,0.00,0,0
1598219278,s1-eth2,0.00,0.00,0.00,0,0,0.00,0.00,0.00,0,0,0.00,0.00,0,0
1598219278,s1-eth1,341.66,0.00,341.66,0,342,1.00,0.00,1.00,0,1,0.00,0.00,0,0
1598219278,s3,0.00,341.66,341.66,342,0,0.00,1.00,1.00,1,0,0.00,0.00,0,0
1598219278,s2-eth2,341.66,0.00,341.66,0,342,1.00,0.00,1.00,0,1,0.00,0.00,0,0
1598219278,s2-eth1,0.00,0.00,0.00,0,0,0.00,0.00,0.00,0,0,0.00,0.00,0,0
1598219278,lo,325.67,325.67,651.35,326,326,3.00,3.00,5.99,3,3,0.00,0.00,0,0
1598219278,s3-eth2,341.66,0.00,341.66,0,342,1.00,0.00,1.00,0,1,0.00,0.00,0,0
1598219278,s3-eth1,0.00,341.66,341.66,342,0,0.00,1.00,1.00,1,0,0.00,0.00,0,0
1598219278,total,1350.65,1008.99,2359.64,1010,1352,5.99,5.00,10.99,5,6,0.00,0.00,0,0
1598219279,s1,0.00,0.00,0.00,0,0,0.00,0.00,0.00,0,0,0.00,0.00,0,0
1598219279,eth0,0.00,0.00,0.00,0,0,0.00,0.00,0.00,0,0,0.00,0.00,0,0
1598219279,eth1,0.00,0.00,0.00,0,0,0.00,0.00,0.00,0,0,0.00,0.00,0,0
1598219279,s2,0.00,0.00,0.00,0,0,0.00,0.00,0.00,0,0,0.00,0.00,0,0
1598219279,s1-eth2,0.00,0.00,0.00,0,0,0.00,0.00,0.00,0,0,0.00,0.00,0,0
1598219279,s1-eth1,0.00,0.00,0.00,0,0,0.00,0.00,0.00,0,0,0.00,0.00,0,0
1598219279,s3,0.00,0.00,0.00,0,0,0.00,0.00,0.00,0,0,0.00,0.00,0,0
1598219279,s2-eth2,0.00,0.00,0.00,0,0,0.00,0.00,0.00,0,0,0.00,0.00,0,0
1598219279,s2-eth1,0.00,0.00,0.00,0,0,0.00,0.00,0.00,0,0,0.00,0.00,0,0
1598219279,lo,0.00,0.00,0.00,0,0,0.00,0.00,0.00,0,0,0.00,0.00,0,0
1598219279,s3-eth2,342.00,0.00,342.00,0,342,1.00,0.00,1.00,0,1,0.00,0.00,0,0
1598219279,s3-eth1,0.00,0.00,0.00,0,0,0.00,0.00,0.00,0,0,0.00,0.00,0,0
1598219279,total,342.00,0.00,342.00,0,342,1.00,0.00,1.00,0,1,0.00,0.00,0,0
1598219280,s1,0.00,342.00,342.00,342,0,0.00,1.00,1.00,1,0,0.00,0.00,0,0
1598219280,eth0,0.00,0.00,0.00,0,0,0.00,0.00,0.00,0,0,0.00,0.00,0,0
1598219280,eth1,0.00,246.00,246.00,246,0,0.00,1.00,1.00,1,0,0.00,0.00,0,0
1598219280,s2,0.00,342.00,342.00,342,0,0.00,1.00,1.00,1,0,0.00,0.00,0,0
1598219280,s1-eth2,0.00,342.00,342.00,342,0,0.00,1.00,1.00,1,0,0.00,0.00,0,0
1598219280,s1-eth1,342.00,0.00,342.00,0,342,1.00,0.00,1.00,0,1,0.00,0.00,0,0
1598219280,s3,0.00,0.00,0.00,0,0,0.00,0.00,0.00,0,0,0.00,0.00,0,0
1598219280,s2-eth2,0.00,342.00,342.00,342,0,0.00,1.00,1.00,1,0,0.00,0.00,0,0
1598219280,s2-eth1,342.00,0.00,342.00,0,342,1.00,0.00,1.00,0,1,0.00,0.00,0,0
1598219280,lo,652.00,652.00,1304.00,652,652,6.00,6.00,12.00,6,6,0.00,0.00,0,0
1598219280,s3-eth2,0.00,0.00,0.00,0,0,0.00,0.00,0.00,0,0,0.00,0.00,0,0
1598219280,s3-eth1,342.00,0.00,342.00,0,342,1.00,0.00,1.00,0,1,0.00,0.00,0,0
1598219280,total,1678.00,2266.00,3944.00,2266,1678,9.00,11.00,20.00,11,9,0.00,0.00,0,0
1598219281,s1,0.00,0.00,0.00,0,0,0.00,0.00,0.00,0,0,0.00,0.00,0,0
1598219281,eth0,0.00,0.00,0.00,0,0,0.00,0.00,0.00,0,0,0.00,0.00,0,0
1598219281,eth1,0.00,0.00,0.00,0,0,0.00,0.00,0.00,0,0,0.00,0.00,0,0
1598219281,s2,0.00,0.00,0.00,0,0,0.00,0.00,0.00,0,0,0.00,0.00,0,0
1598219281,s1-eth2,0.00,0.00,0.00,0,0,0.00,0.00,0.00,0,0,0.00,0.00,0,0
1598219281,s1-eth1,0.00,0.00,0.00,0,0,0.00,0.00,0.00,0,0,0.00,0.00,0,0
1598219281,s3,0.00,0.00,0.00,0,0,0.00,0.00,0.00,0,0,0.00,0.00,0,0
1598219281,s2-eth2,0.00,0.00,0.00,0,0,0.00,0.00,0.00,0,0,0.00,0.00,0,0
1598219281,s2-eth1,0.00,0.00,0.00,0,0,0.00,0.00,0.00,0,0,0.00,0.00,0,0
1598219281,lo,0.00,0.00,0.00,0,0,0.00,0.00,0.00,0,0,0.00,0.00,